,0,1,2,3,4,5,6,7,8,9,10,11,12,13,14,15,16,17,18,19,20,21,22,23,24,25,26,27,28,29,30,31,32,33,34,35,36,37,38,39,40,41,42,43,44,45,46,47,48,49,50,51,52,53,54,55,56,57,58,59,60,61,62,63,64,65,66,67,68,69,70,71,72,73,74,75,76,77,78,79,80,81,82,83,84,85,86,87,88,89,90,91,92,93,94,95,96,97,98,99,100,101,102,103,104,105,106,107,108,109,110,111,112,113,114,115,116,117,118,119,120,121,122,123,124,125,126,127
0,0.9990172,4.5685954,-0.58297765,0.5473006,0.20039116,-2.6266868,-2.12342,6.1558886,0.8898346,3.369969,1.653554,2.0141885,4.4853053,-6.033712,-2.3662527,-2.6975665,-0.37465978,5.772356,3.2891521,4.7652574,-3.7856653,0.37187898,1.2558461,2.4368434,1.9814022,6.0958447,-3.072346,-7.1193876,-2.6003397,0.1477366,-8.14936,2.3436406,-1.9550561,2.5267289,-3.48105,-0.67565316,0.95998824,-7.1615725,-1.6298798,-3.5845096,-0.57163274,0.856748,-1.616158,1.427408,-0.29164606,4.0348816,-3.4382374,2.6825354,-0.57530475,-4.5543466,-2.8639872,4.877125,3.0497737,1.1416259,0.68820363,1.3916863,2.68618,-3.582486,-0.34445694,-4.400448,-3.4117198,3.788309,0.5098281,1.5310981,-4.904318,-2.392966,-2.281273,1.9441111,1.9986577,-2.8723316,-3.1602745,-0.040198658,6.7858996,-4.8661404,3.4875095,0.15494594,1.6492232,-0.6709581,-1.1303188,5.052269,-1.2695074,6.8742886,-4.802497,-1.7405835,3.8645082,-3.00118,5.0437665,5.5658956,-2.4451344,-5.5290885,-5.170859,3.2150352,-0.3582347,3.5701685,2.596178,3.9758961,-2.8115792,1.557225,7.8681784,5.5307727,-2.4280148,1.2342644,4.165874,3.4225583,1.4047391,3.305588,-0.92561567,1.4686947,-9.164393,-1.8227984,0.004317224,1.0755689,0.7784203,3.7453504,-2.3783917,3.6775866,1.8403834,-6.5214925,4.557172,4.8399224,1.0120251,3.4326699,-1.2272223,1.0083035,2.1182482,-0.27422512,-4.0665765,-0.65004313
1,1.7066228,3.9960418,-2.5742798,0.7044838,1.6825132,-2.9727578,-1.2956436,3.8677864,3.0312538,3.6970558,1.5145487,0.8557259,0.17789638,-3.1346295,-1.4717615,-3.40188,-0.25409463,2.9339774,4.2805448,2.896392,-3.9383578,-2.446984,-1.4390352,2.1561615,1.904894,6.189147,-1.8052642,-8.362049,0.36021855,0.7112545,-7.717271,1.4550657,-1.8602786,1.5152608,-0.053132318,-0.8426162,-1.3014063,-5.4180717,-4.4732194,0.38118607,1.5049736,-2.1444924,-0.0088051,2.006879,-0.44856444,3.7091556,-3.0621638,1.2808206,0.5491431,-4.724046,-5.99889,4.164605,0.4054464,1.6589663,-0.16255641,0.9705811,0.6988234,-2.6698241,-2.5386138,-1.6253272,-5.8418484,1.8800364,1.3019184,0.94955635,-1.9893358,-3.297951,-4.001882,-1.4123523,1.2162691,-2.5598035,-3.145017,0.7242894,3.7043948,-3.3344598,2.1578918,-1.026772,-0.15260226,0.2908334,-2.0354257,3.0576594,-1.2647502,3.8940222,-1.6995227,-0.7432878,4.879137,-2.3581414,6.7408786,6.0579395,-0.15709054,-4.553664,-4.610974,-0.9313549,2.8135295,-1.0052139,0.7971718,0.9141032,-2.9658058,3.2517986,2.7659388,3.0509212,-0.74852264,2.023357,5.035473,3.151472,0.086504795,3.2076073,-2.338898,-1.3886868,-5.721573,1.4418603,0.74117905,1.8739388,1.1474748,4.464353,-1.9639591,2.2388992,2.0233722,-5.2336545,0.65105826,5.3470926,1.9045197,2.1492534,-2.2056816,-2.5348394,3.2385178,1.1311567,-3.773652,0.4141962
2,1.4307947,3.7484918,-1.5167229,0.27321032,0.91256404,-5.050073,-2.0269313,2.4057975,0.48143473,5.973993,-2.319007,-0.73904705,-1.9921209,-3.0713503,0.070209645,-1.7131166,0.59091204,2.6570425,2.3606737,3.4969556,-4.265984,-4.0777435,-2.7544742,-1.995205,4.3739142,6.0255384,0.27635548,-1.3355137,1.9786257,-1.0804883,-1.7987539,0.56491566,-2.2090664,5.1767664,-2.0134797,-1.5978991,-0.7674047,-7.086182,-2.892825,2.2073338,1.4338328,0.33405542,-1.5936122,-0.15713722,3.3104439,5.1383758,-1.726558,2.9648013,-3.6576521,-3.006721,-0.98017377,5.7117786,2.3278022,3.2638853,1.2938942,3.1487014,-1.4974246,-0.80453354,-0.9758811,-1.7135094,0.86422944,1.9326426,3.3943195,4.45942,-1.6153588,-2.382859,0.2181198,0.31524765,1.5761683,-0.9471775,-0.9505309,-0.36106476,0.5622828,-4.588806,0.8300425,1.2170304,-0.9922261,-0.9971188,-2.2849698,1.8439732,-0.15583658,0.97776043,0.14581063,5.040329,4.3376775,0.22569421,5.448774,2.6903188,-1.4475415,-1.6528598,-5.9608374,-2.7567883,4.789402,0.7144839,0.29813564,-1.6950164,2.1458173,2.5449307,2.378934,3.8678684,-3.2231207,0.30462018,3.7093177,2.2580707,2.9415529,0.7340449,-1.1772041,0.5582751,-2.9141183,-0.8698039,1.2703884,2.1141,2.2397678,1.5557523,-3.132821,1.3316799,3.3643363,-3.7213645,1.4538368,1.9895915,0.41657296,-3.168383,-3.7875736,-4.7925878,1.7397754,4.0046496,0.28256282,-1.0430346
3,1.1906989,3.2693324,-2.169464,-0.04692571,0.24344121,-3.5429208,-2.6826801,2.3784802,2.5812824,4.29361,1.0721539,2.2844188,0.5932019,-2.7647293,-0.21446761,-0.4737801,0.29126474,3.6998239,2.7841399,-0.17841262,-4.7838473,-1.3547525,-2.7851176,1.3583803,1.216076,5.2187195,-1.0627862,-4.350258,-0.41697076,-1.0810384,-4.370426,2.0699568,-0.19793215,1.7264006,-0.5363162,-0.25938275,-0.15297529,-5.6412325,-2.8608103,0.56701905,2.3172529,-0.43032745,-1.1741432,0.071959905,1.3945088,5.649092,-1.5087237,1.4508508,-2.3934667,-1.8896049,-3.6671178,2.9631536,1.1838869,1.5812203,-0.9422693,0.3402325,-0.06513928,-2.9974792,-0.28931147,0.36914212,-4.1532826,1.0769364,3.0212607,3.900753,-1.8934355,-1.3432379,-2.230023,1.5226705,3.451809,-0.5142556,-1.4144088,-0.7360427,1.3380299,-2.9971335,1.0395808,-0.058275525,-1.6679279,0.8657329,-1.3050025,1.4679337,0.17734739,2.4801326,-1.5028996,0.5429652,3.8837407,0.31238547,3.3577437,3.4310942,-1.9363782,-3.9240613,-5.0356584,0.021116056,0.05060648,0.9342966,1.1290212,0.045884244,0.21120594,1.3684852,5.179988,2.849992,-2.5033026,-1.1007504,5.209237,2.1934247,0.4641266,1.2259194,-1.0134761,3.6218476,-4.7643404,-0.11602823,-0.34427553,0.56195384,1.5148773,1.8546731,-2.131119,1.9094876,1.93526,-3.7588089,1.7942361,2.960306,2.8325777,-1.0958581,-2.5659232,-2.2242188,0.51889926,0.969036,-0.8611683,0.46206182
4,-0.2554357,1.9505793,-1.7060095,-1.5259331,0.5824316,-4.704374,-3.753241,4.4326115,1.3656446,1.991393,-1.028754,2.8441057,0.3829534,-4.4867964,-2.604408,-1.9905587,1.2199671,4.6184955,3.8430603,0.86325866,-5.2195845,-1.6189083,-0.25832912,3.3534124,2.766608,2.9374905,0.5158738,-5.3887258,-0.9816885,-2.628069,-2.613905,0.7049806,-1.307943,3.1723657,-1.9818822,-1.1433909,-0.70599437,-4.500639,-1.3273488,0.25414276,2.7141733,-2.7392664,0.2996583,0.70246166,2.0856082,2.4350572,-2.854479,1.4497339,0.77172387,-3.0730925,-2.917034,5.822459,2.9558146,1.2511784,1.0456073,0.8147551,1.7232977,-0.7936077,-1.0417644,-0.26361337,-1.2871126,0.3233384,2.3446324,2.5944974,-0.9664741,-3.9599037,-1.9527696,0.68559986,1.3256963,-1.0660836,-4.12223,-0.88052607,1.7023479,-2.5960727,2.7289548,0.4422011,-0.7411323,3.212031,-1.2996961,1.7411935,0.7623049,3.3092713,-0.94000316,1.3200235,2.9198816,-2.6974883,2.6035838,4.1645226,-2.301817,-1.7366362,-4.9514236,-1.848976,0.017875679,-0.5907605,0.56558084,1.8345189,-0.26997584,2.8965394,2.8716178,1.5285677,-2.5942254,-2.0515063,1.7651331,2.5830488,-0.37753797,3.764738,0.038404837,-0.42912823,-4.1562223,-0.5069993,0.6720909,1.7655238,0.89154464,2.9227204,-1.4150835,1.7819163,0.5305373,-2.3375096,0.27895394,2.7143471,-0.23531303,-0.064825915,-2.3092287,-3.75732,2.3084152,2.1786592,-1.0132612,-0.9504379
5,2.8354347,6.5611763,-6.435042,-1.2696306,3.751138,-5.948684,-4.1811705,5.3913236,1.9309522,5.8457937,0.7673776,1.8966527,0.052658238,-5.157322,-2.743835,0.46735135,1.8355594,3.9242954,1.3973931,3.2037542,-5.9198756,0.3929397,-4.180923,-0.46522945,2.4521465,8.399256,6.0824704,-9.580048,2.9496858,-1.8869953,-5.1150002,2.0345736,-1.6242795,5.4367146,-0.56208366,1.4649954,-0.006773486,-5.356997,-7.0475907,1.9380766,6.1046224,-0.19122423,2.6327727,3.1625266,2.0199747,-0.9212606,-1.5690596,2.4653456,-0.28281367,-3.0571992,-4.572872,5.5756216,4.565972,5.311368,0.1263899,0.55710864,-0.2115109,-1.7423073,-0.6217329,0.7811236,-0.5899174,2.1913016,2.8493423,5.530312,-4.9744425,-0.99221873,-4.6093884,-0.43500972,3.6967049,0.20117034,-2.0505173,0.795465,2.863553,-7.13444,4.3122168,0.28159985,0.050704315,-1.2208985,-2.1225004,4.8593907,0.23038553,3.270856,-0.22245562,2.0166607,1.0234742,-3.9071326,5.0128565,0.4667346,-4.181348,-2.0886407,-6.5914135,-2.5656242,0.086255014,0.9143394,2.0650647,2.4698954,-2.925708,7.4751334,4.7925763,1.3912216,-3.7206693,0.2715159,4.2608085,4.5061994,-0.42656428,5.1119323,-0.2308023,1.6304507,-5.2850804,0.91852254,-0.5030248,0.033255186,-0.27723262,6.9007535,-2.5148525,1.6730112,4.1725736,-5.2024746,1.1420585,6.1038365,2.2152429,-0.0804378,-4.726447,-2.6725392,2.8865068,4.7468534,-4.267761,1.4477361
6,1.1003488,3.9633842,-1.7843072,3.221716,2.6428845,-5.2515516,-0.6201569,2.3047373,0.68693924,2.88379,-0.5340601,2.3347085,1.1654861,-5.580359,-0.51627105,-3.777717,0.30513453,4.218263,5.386938,3.7932966,-4.937075,-2.7674403,-1.7658159,-0.080613926,4.856002,8.661991,-2.7008612,-4.164456,-4.170558,-0.9627955,-5.149737,2.3614364,-2.382016,6.488499,0.7175148,2.6395798,1.5178363,-6.534998,-4.3182244,0.23539191,-0.51026595,1.563658,0.52319574,-2.0403886,1.5977632,6.8386354,-2.4901855,3.5240626,-5.867808,-3.764258,-4.7055473,6.6496005,3.0747025,1.0689731,0.19466358,2.3857574,0.31227225,-5.6428485,-1.1526148,0.61427164,-2.66942,4.6747193,1.359104,5.0408783,-0.72583604,-2.7178605,-1.8401346,1.064937,1.8791381,-0.9868174,-5.3870296,-1.8274119,4.36116,-2.907904,-0.1509876,-0.38928762,-1.2469169,-1.0705123,-2.8658803,2.59927,-0.618451,3.6468425,-2.2611437,-0.36627936,6.2325506,-2.309234,4.16851,4.780596,-1.5632057,-2.2214682,-5.0818157,-1.5640963,-0.023845818,3.5382297,3.5698256,2.6996436,-0.010001849,0.0062857773,4.0891957,4.063729,-2.1910133,0.48413086,5.0067925,4.8011746,3.0518937,1.4868679,-2.3225813,0.032346755,-5.528001,-0.72162205,2.178255,0.33730692,4.148001,3.2142057,-5.2458897,1.7988954,2.1877124,-7.04919,3.2482507,3.5230246,0.10480671,-2.8154488,-1.626354,-4.8909717,0.004437074,0.47150987,-0.070784636,-2.0500703
7,2.1819792,6.7252765,-0.62813896,3.3715334,3.0409544,-7.7308836,0.31544968,1.4748061,0.9593198,6.6543226,0.26839903,5.4335876,-2.926577,-6.661374,1.644369,-2.2121425,-2.3535373,5.3742237,7.7637105,4.2978487,-7.340833,-5.286025,-0.92130756,0.48884648,6.4280252,13.621223,-0.5086469,-6.4874187,-1.8825873,0.3416491,-4.260192,1.0782903,-1.5263722,10.121102,0.24144782,1.5372367,3.2348232,-8.352455,-5.4253774,3.3731925,-0.6699397,1.2124403,-1.2688217,1.2247458,2.731444,10.741366,-2.782158,3.663016,-7.1591454,-6.623702,-4.6817884,9.293689,4.5342026,6.5144506,-3.1828198,2.3339581,-2.8957608,-5.9908104,1.1119615,-3.4996376,-1.1719943,5.1447406,1.5679988,6.1818905,-3.715446,-3.658135,-0.6037871,2.1991339,0.11792857,-1.4504391,-4.8193355,-0.28913322,6.561631,-4.4984546,0.63705254,-1.8824201,-2.7245939,-3.2265608,-1.4804335,3.7036114,0.86369824,7.1589246,-0.6195817,3.914792,11.282273,-1.7385739,9.543757,4.205508,-3.1840308,-3.7966416,-10.2449045,-2.7833757,6.1822877,1.5403877,4.5574307,0.27659872,2.5351539,0.4052196,5.588453,4.8649755,-3.8540206,-1.1099536,6.801945,4.7318783,5.983616,2.1499908,1.5248605,0.42749202,-6.7286954,0.30540577,3.280612,1.4556347,5.2185907,5.9129744,-3.482119,-0.26126364,3.985685,-7.6163826,3.4892967,3.5211318,0.5428124,-0.12021939,-5.6613216,-6.125748,1.8886944,2.8156497,-2.887011,-3.8990483
8,4.487697,8.935714,-1.0620464,2.1238081,0.31091246,-5.90171,-1.8508683,9.098741,3.0921524,8.045933,3.843523,3.2667375,-0.17292455,-7.2233806,-0.096034594,0.5392525,-5.357896,5.623965,3.147757,5.970521,-8.220844,-1.4230412,3.127209,3.93191,4.668566,11.837829,-0.4896348,-11.268106,-1.5280352,3.3575788,-7.9351487,1.756072,-1.7310115,3.0788581,-4.8499336,-3.6513367,0.9705443,-11.652731,-2.5224779,-0.15382558,1.2970191,1.7533231,-0.17649463,3.6335826,-1.4877678,4.6991754,-5.2759686,1.3450544,-1.2457753,-6.628964,-3.89843,6.9732614,7.2364016,7.3663893,-2.325929,-0.5552623,0.20864795,-4.4504137,-1.22777,-7.898987,-3.5273378,5.282042,0.6543273,1.1505266,-10.541241,-3.5667424,-2.31072,2.1255765,-1.7881453,-3.8223925,-0.72030884,3.4003828,8.273152,-7.119376,2.163954,-1.897114,-2.5920126,-3.358398,1.4424448,10.3792305,-1.121505,9.990598,-4.6845307,1.5939175,8.849791,-5.430294,10.418386,5.863774,-1.3834436,-7.224545,-10.276335,3.7004893,5.260527,-1.088662,4.914225,1.8387184,-3.6509516,5.880187,8.751913,6.3830266,-2.5892687,3.391722,4.003085,3.8594377,1.9590026,7.011554,0.89428663,0.55262214,-13.3895,-0.38540807,0.38420063,1.6673548,-1.614188,7.069275,-2.8758867,4.476391,5.1747494,-9.863855,3.3703294,9.4300995,2.9561503,5.1521115,-3.622839,0.68782485,3.7773478,2.5666828,-9.265232,-0.7265991
9,2.553915,3.4859715,0.76961446,0.18095231,-1.608783,-4.9725494,-2.6726804,5.342341,1.8290929,7.0108213,0.9631521,0.38957283,-0.80621624,-1.9728276,0.9206396,-1.6084334,-1.0187935,3.801821,0.17621285,2.9141881,-3.2041795,-3.3175964,-1.3764316,-0.40146506,3.4415543,6.4139795,-0.9818418,-4.4545035,2.2284737,0.44106105,-3.853547,2.0728998,-0.8464394,3.7490246,-6.472576,-3.027252,-1.9241806,-6.156142,-1.1234206,0.59118664,1.7229221,-2.5982645,-0.16605331,0.9363444,1.5217788,4.0432234,-2.0566893,1.4977103,-2.2434194,-3.417377,-4.138295,4.251467,4.327103,2.4964364,-0.90580094,1.7729747,-2.6637874,-1.2084397,0.120112866,-3.6428185,1.6673092,0.26063013,2.4510705,2.8476849,-4.9642334,-2.2232022,1.584046,0.99412256,2.3850002,-2.4089332,1.1864476,0.62951523,1.8353418,-6.4677024,1.9965092,1.8785859,-0.75158054,-1.0971674,-1.684093,3.36562,-1.2363366,2.7237725,-3.391492,5.5285325,4.058903,-2.8136332,5.8385777,1.7343367,-3.2078571,-1.1314373,-4.7192287,-0.6924952,4.2937217,-0.7965896,1.3050175,-1.7778995,-0.5680984,2.6873083,1.8161458,5.31727,-2.1356878,-0.68499213,1.2946084,1.0778539,2.277169,4.573346,-1.7284049,0.6550139,-4.9781466,0.36635846,2.1979563,2.4513772,0.15220821,3.0463102,-1.3437234,2.0656939,5.162317,-3.2403047,1.0521263,1.8666159,0.65498567,-1.340318,-2.7706108,-3.0572736,3.1982362,2.4120693,-3.6243377,-2.6297085
10,2.8184388,4.0389256,1.15088,1.5824186,1.9395783,-5.3879876,-1.6493951,6.1143546,3.5871997,0.369974,-0.07044547,2.1156175,-2.4914691,-5.246581,-2.1387863,-2.3337762,0.662088,4.794691,4.7494636,5.102096,-2.703601,-1.4392323,0.05509107,0.3533131,3.6672397,6.697933,-3.7707436,-5.458452,-3.0574512,-2.8648748,-4.7236137,1.2515363,-2.4731424,5.179904,-1.2720108,1.4358674,0.15357101,-5.5949802,-3.8619256,-1.2823153,0.21286537,2.4781973,-0.53172815,1.2274642,0.62076646,6.853871,-3.6959393,4.227652,-1.9493436,-1.4465665,-4.478025,7.143488,5.394138,3.6876943,1.4629778,0.84037817,2.330029,-3.3419414,0.89610076,-1.4882389,-1.9747497,3.3274486,1.8913842,1.9710356,-3.1465187,-3.7780132,-3.0159676,3.5805268,1.3380514,-1.0034242,-4.487336,-2.956719,2.675922,-1.9514428,0.9757285,0.07163078,0.532735,3.6553984,-3.3492305,-0.4274677,-1.3242671,1.832289,-0.14405249,-0.71492535,3.3023512,-2.2940428,3.543908,5.100986,-3.2412338,-0.450785,-3.4765806,-2.2517524,-0.19082175,2.435153,0.618036,3.9724958,0.41596806,0.9490937,4.5540648,1.9900802,0.42140254,-0.79100233,2.9705255,0.6655071,3.3859696,2.7440958,1.709857,0.27232492,-6.0548124,-0.27794066,2.4649036,1.7295371,3.7414737,6.5041757,-2.4039617,4.4621086,0.063291945,-6.602495,2.2073176,3.543441,-0.035509013,-0.98597693,-1.7458687,-4.2688065,3.3173225,0.8987483,-1.7959887,-3.1874647
11,3.7823718,13.822003,-5.163696,-0.58959866,4.0350976,-10.607758,-3.010174,10.261575,7.1841097,7.378717,6.620448,3.4175322,0.8403816,-8.891664,-2.4383888,-1.6605146,0.6028144,6.8897448,6.7295356,9.417507,-8.1303005,-8.710042,4.306376,0.9299688,7.110256,18.8696,0.13630113,-17.444689,-1.9501941,3.581439,-9.212072,0.8223356,-5.3061366,10.543387,0.40521878,-3.7451649,2.782592,-17.568148,-8.712416,-0.7179754,1.2468398,-1.0227747,0.65950584,5.80448,0.14766529,9.1709175,-7.2002444,-2.3100173,-4.4227257,-10.07269,-6.6277313,10.061381,6.942611,12.663409,-2.0353324,0.10879305,0.29245618,-4.94771,-3.275574,-5.4181,-6.397659,6.4316463,3.7693334,1.7506754,-9.101966,-10.704176,-6.8992805,-0.99138325,-1.2594709,-4.1519504,-2.8491733,2.1359847,10.352403,-7.154488,1.6278777,-5.110845,-2.237965,-2.1151075,2.2944295,11.4389925,-0.6585555,13.513888,-2.4984589,-1.2998866,11.4201,-9.572819,14.492267,13.002004,0.4777876,-9.215947,-14.69692,0.5036757,6.9100227,1.5936601,3.9255834,-0.9032628,-1.3206098,7.4655046,11.634105,9.980003,-2.4752688,1.7773072,6.371348,4.6377134,1.9273051,7.2970786,3.2347214,-1.4817351,-18.267044,0.96512187,3.4149075,3.9353592,1.1705022,7.717388,-2.7118156,5.0216703,3.4881938,-12.418956,4.928745,11.066661,0.5083044,7.331586,-8.44023,0.34739542,4.713533,1.3421626,-8.620244,-2.7653697
12,5.36728,2.4693835,-3.581013,-1.8616513,2.428819,-3.5441637,-3.6415465,4.204074,0.32101387,4.6708403,-2.6467109,1.0225762,0.5873498,-3.8557477,-3.3914716,-2.8314052,1.4402933,3.28783,2.032389,3.7395356,-1.5220113,-1.2017374,-4.453733,-0.5145619,2.929136,5.121296,2.0137951,-6.0069265,2.0914967,-2.817852,-6.2789702,2.3272862,-3.0245407,3.2140102,-3.2832055,-0.0020178035,-1.5559628,-4.240767,-1.8839359,3.1233256,2.7751174,-1.490603,2.0516803,0.1786342,-1.9285051,1.0498253,-3.1085095,2.1925547,-3.7411118,-4.6476398,-2.268049,3.433157,2.2736201,-0.5483717,2.5350273,3.440925,0.05626365,-1.7287375,-0.67726785,-0.6712084,-2.2938025,0.20321617,-1.4886991,1.8412207,-4.855195,1.0172964,-1.2497444,0.07001902,3.2804956,-0.82436997,-1.6676545,1.9678463,2.4415352,-5.7230644,3.873601,0.8197873,0.31809926,-2.3534007,-4.1764193,2.1542127,-1.8922808,0.50152224,-2.501702,3.6194036,0.9445711,-3.0703373,5.578253,0.19502363,-3.8507888,-3.6632907,-3.41255,-0.35503048,0.5156747,-1.6550839,0.7566624,1.3221252,-6.2846646,3.0018985,4.377091,1.5532897,-2.7396069,1.9245656,0.89239264,5.0437264,3.7162578,4.74683,-1.2189182,-3.0881066,-4.436379,2.447228,0.69301885,-0.4775922,-0.27061123,2.6942713,-3.43023,4.9843426,2.4734497,-3.4992392,3.3356197,4.9939647,-0.04455688,0.39263198,-1.8265318,-2.3379188,6.067728,6.114703,-1.80388,0.0335771
13,3.7630959,4.8690724,-1.1189777,0.2738659,-1.967111,-2.7761621,-4.179027,3.4001153,1.8171806,6.8682346,-0.46550927,0.23537156,0.10647198,-4.607224,-0.46280453,-0.18289346,-0.82085997,5.2383065,1.8265096,4.3910937,-4.6739645,-1.2951167,-0.706176,0.9831263,2.9336104,6.9771214,1.3840005,-3.7496603,0.03855381,-2.3908503,-2.484613,1.9817578,-0.78269684,4.635966,-4.444044,-0.8922931,-2.3228257,-8.974666,-1.6873186,0.24751721,1.6352096,-1.4033635,-1.5988872,-1.4229321,0.7832719,7.401278,-0.9214091,1.5312387,-4.581624,-3.7225986,-2.953933,3.5956097,4.1814003,4.140157,0.5568789,1.6871316,-2.323499,-3.2201757,1.0635679,-2.196226,-1.5634618,1.4980341,3.8485649,5.20822,-5.787978,0.73144305,-0.15584238,1.3743763,4.8866343,-0.10748403,0.21935979,-1.2612989,0.33321953,-7.795738,3.7404358,3.5614426,-1.6483188,1.3918859,-1.3131398,2.002773,-1.2895672,5.189324,-3.6379137,3.1886566,4.2271447,-1.1162885,4.709294,1.5287546,-2.0407145,-2.2333634,-6.693252,0.2850413,1.7985975,1.7161263,0.5555292,-1.039731,0.18619879,1.8426838,6.2371883,6.0429964,-3.0759096,-0.5563143,3.76458,1.110142,1.116109,4.3795986,0.538373,5.112872,-7.927817,1.0979325,-0.11263624,1.5785811,2.8471746,2.1121178,-2.528251,3.2254567,3.2237897,-6.187653,2.7600121,2.1554859,3.882712,-1.7666012,-3.8568478,-3.6185224,2.8102233,1.9897673,-1.7970617,-1.2218573
14,2.3092244,3.225288,-1.993553,-2.3935428,1.1202668,-8.454295,-3.7898343,1.8810898,1.3264468,3.325619,-0.0007679516,3.3330436,2.3144293,-7.741063,-3.7815275,-7.5873322,2.1152115,6.353177,4.0803027,2.7173913,-4.2979193,-3.175975,-4.0985355,4.1226897,3.1294448,7.867233,-1.2053357,-11.628496,-2.5371854,-4.9814105,-9.683368,5.571971,-0.516823,9.535863,-1.7750603,2.2736616,-1.5024554,-6.072659,-6.0414176,-1.5695819,4.1834946,-3.453625,-1.2228419,-2.8518202,2.066636,7.9582324,-3.70419,2.9312444,-5.3191757,-3.0888064,-4.9578867,6.351459,3.5711946,-1.5464102,1.2776117,3.2883542,0.69080836,-4.9166937,0.58751416,-0.5574601,-2.7192814,0.3774991,4.712203,7.133046,-0.56748617,-3.8492787,0.40076017,0.24883896,6.258522,-2.1042306,-3.7433853,-2.7914479,4.4827895,-6.407204,1.905849,-0.78572524,1.7926322,4.0390005,-4.7969894,0.3170758,-5.562307,3.3465147,-3.021535,-0.7312204,4.096443,-3.9633603,3.1654813,3.8482738,-6.6938505,1.238745,-5.7015996,-0.4986436,-1.9172521,3.9895108,0.58228785,3.7891717,-2.5646021,1.1965278,6.6645517,3.1048944,-2.8606906,-0.88050157,3.9073246,2.7139163,2.52646,6.767082,0.2170918,1.1429532,-8.671735,0.84944946,0.5598936,-0.3705033,5.4295707,2.470927,-2.6022604,3.5790908,2.2785528,-6.334695,2.6388257,2.420625,-0.5164228,-2.0498533,-2.574149,-7.316364,3.1422386,2.0519083,-1.1887418,-3.9695864
15,4.716628,4.079598,0.06235178,2.49398,2.232229,-4.826745,-3.5249555,7.6264825,-0.6222079,3.0871737,-3.0155768,0.5779577,-4.22158,-7.656138,-3.7544887,-0.36008653,2.5387318,2.2066965,3.7531443,5.9404755,-3.8470683,1.3042804,-2.913946,1.9382961,5.5755634,3.5919766,1.6439843,-3.3616014,0.5846672,-5.0842404,-2.8375454,3.1869633,-5.1685047,5.1756725,-6.09391,0.3588204,-1.7003323,-6.850539,-2.2084267,0.5381672,0.44359294,0.1102725,1.1136992,0.26662186,0.47487456,-0.2304357,-4.7301383,3.8744905,-2.9965916,-3.1915588,-0.8897944,4.2484913,3.501343,4.460383,0.62049496,0.87990576,0.56993073,-4.4642897,3.822277,-1.2142236,-1.1415477,0.8448151,1.0386981,2.788654,-4.5414453,-0.5734298,-2.4201097,2.6371603,2.5134704,0.787999,-3.7702546,0.658079,2.4316957,-5.0911756,3.0998633,3.2201602,-1.2616752,2.371335,-6.1252046,3.4678686,-2.0103698,3.2098455,-4.1897726,2.0879335,2.8571825,-4.8692617,1.1533443,3.348884,-4.1905155,-1.111447,-1.4340131,0.44736597,1.1853948,1.1333107,2.945722,2.9804504,-2.5389738,2.7136626,5.219851,2.1411178,0.04996115,0.6875452,4.959072,0.4463662,1.9209399,3.49201,-0.35092995,-0.42414615,-7.052133,-0.43724573,-1.2601402,1.436192,1.2986828,6.3185596,-3.6084845,0.6706279,3.0159466,-8.233217,3.3837786,4.818052,1.6767925,-3.9214368,-2.044027,-2.758789,6.351864,5.2434115,0.597281,-0.15785234
16,1.26711,1.6909462,-1.3762751,-1.0541127,0.2415715,-5.70378,-3.5571842,6.1191707,1.4197524,4.34304,0.4809565,0.7032114,-0.66087943,-2.1577995,-0.35349733,-2.4852622,0.6711599,3.1777272,1.4116225,2.7794385,-1.5964863,-2.9980955,0.29426223,2.3686876,2.084163,4.2303057,-2.9083765,-5.9558597,0.20280668,-1.5285125,-7.563703,0.4088109,-2.0287197,4.819157,-4.393377,-4.7635527,-1.1189696,-8.1815605,0.09182455,-1.8653411,-0.6026247,-2.1080155,-0.9995874,1.9876683,-0.04744609,0.92887974,-3.0908282,1.0826768,-3.2117221,-4.861214,-1.9804628,3.3069248,2.2139993,0.18276018,1.1963,2.1715133,0.7336775,-1.417625,-1.8007944,-4.440931,-0.3511578,-0.48640913,0.77694964,2.1609113,-2.7053998,-2.9084258,-1.3054559,-0.87897915,1.8418441,-4.2093816,1.2202477,0.8176935,4.443716,-6.1755896,2.535834,0.934081,-0.6348095,-0.6986439,-4.1547956,3.5700128,-1.8163924,4.236319,-4.278018,1.5668514,4.3029537,-3.4100025,6.127114,3.7534602,-2.927737,-2.5536418,-5.517975,2.2998033,4.3564262,-1.2179673,-0.6646456,0.588681,-3.4287033,3.4562058,4.1264033,4.0110517,-2.062355,-0.9267642,1.9201589,1.1925077,3.2251592,5.694816,-0.31014806,-1.7754538,-6.418077,-0.3281949,1.8142333,2.0134885,-0.58403504,2.8822825,0.35014945,2.4202387,3.773808,-4.2081404,1.9868233,5.137278,1.1338516,2.8287137,-1.1098464,-0.017635945,6.006841,1.7435883,-1.6598133,-1.0506607
17,4.0245557,3.9707825,-6.398453,-3.5013452,2.126619,-6.6776824,-7.402575,6.426054,5.50358,3.5258293,-4.262736,2.8490574,0.66482383,-8.315645,-5.7149014,-4.6178865,3.7398224,7.9780645,3.4133523,5.8446236,-5.030935,-2.2677588,-2.8380315,5.98244,0.58909816,6.3945403,0.30996758,-11.0526495,-0.2007288,-8.973912,-5.220008,1.0278995,-2.9395316,7.453428,-1.4282876,1.4397945,0.90124243,-6.4720793,-6.482365,0.0514042,6.5059133,0.26706722,-1.9147816,-1.2841878,1.5403814,8.790974,-5.8809896,4.6948223,-3.0077531,-2.1262794,-3.6903536,6.0698533,6.6580653,2.102104,4.44161,2.6518424,3.789143,-4.216814,-1.6698734,1.400891,-4.4144754,2.6954978,5.0998588,5.7708664,-4.426317,-3.4831166,-1.0610197,2.135635,4.189968,-1.9831828,-5.6052475,-1.7664646,3.1363988,-6.469927,2.017943,0.54998374,0.9901406,4.404895,-5.4752545,-0.5479424,-2.5149739,3.2200131,-1.0265005,0.37880877,-0.06831512,-1.6285357,7.276941,6.5208216,-2.924757,-2.4829407,-7.5541286,-3.319798,-2.6030433,1.7345606,-0.7956631,3.4556723,-2.2574615,5.2766776,7.761116,1.6439308,-5.1314454,-0.8299505,4.6057863,5.3305125,4.321192,5.6055317,1.4091129,2.0200458,-11.312698,1.9854825,-2.6317265,1.849781,5.435301,3.7403677,-3.509749,5.87811,2.1167393,-7.779392,2.3655422,4.1763716,2.236326,-0.55013776,-4.4120326,-6.7976027,4.4890614,3.3775501,-1.4809128,-2.0239289
18,3.1788363,1.5026239,-2.256439,0.45156616,2.3467793,-2.7872827,-3.8880289,2.8844607,1.4932125,3.515422,-0.972406,2.0582075,-0.9827383,-3.9061418,-0.5225185,-1.9618936,-0.7259241,3.3535607,3.2946362,2.3413398,-5.3179717,-1.5564976,-1.5482045,3.9030747,2.3448405,4.7716465,1.4519743,-4.7657557,1.5721138,-1.9465727,-5.067867,3.1346986,2.0309932,3.0852356,-1.8690743,1.1811047,-0.9529634,-5.679001,-3.6926906,3.611055,2.8144486,-2.1886358,-1.2109501,-2.8736966,1.947448,3.0922167,-1.5647535,3.1403854,-4.423311,-3.5865152,-2.1716802,2.978761,2.4401326,-0.77508026,3.1801617,3.0217192,-2.265566,-2.4516459,-0.33918917,-0.34942418,-1.720777,1.4642749,4.371987,4.293793,-3.0082903,0.72836053,2.068541,0.0052076597,2.484805,-0.619804,-1.3920455,0.8158704,0.82248276,-4.2928586,2.9024622,-0.34509003,-0.43711996,-0.22611158,-2.8394315,-0.70226157,-0.9321488,2.1547282,-1.9367367,3.5317402,3.1817846,-1.528008,4.191837,2.1416197,-2.7391453,-0.58370215,-6.2573504,-2.3405116,0.8445487,-0.98270655,-0.19479534,0.5524029,-3.2604523,1.6249272,2.9437792,0.75059193,-1.4799327,2.4240808,2.5355709,2.4602494,3.1223,5.3493032,0.8033,0.570424,-4.1579347,1.4338506,1.5429347,1.488494,2.0834665,1.4784206,0.5639426,3.4934394,2.9705603,-2.4358122,1.8647273,2.3148186,0.08102311,-2.3486366,-2.3296757,-6.7321863,3.1806653,2.368394,-0.389315,-0.8986177
19,2.875786,4.402493,0.43834198,-1.0337217,0.6559315,-3.366746,-3.4992564,5.9200478,2.4135344,4.4354978,0.36939153,0.42115393,-1.9161186,-3.693271,-3.1667755,-2.745409,0.73759973,3.7200391,0.79211396,2.44659,-3.8608499,-2.3967552,-2.5644655,2.8406975,3.9268355,2.3196006,-0.6907198,-4.25213,3.0666375,-2.143716,-3.8022828,2.4840906,0.23535427,3.375353,-3.461959,-1.2361063,-3.4517777,-7.142417,-0.6167502,-1.1739901,0.7101347,-1.8099258,-2.1289117,0.60413796,1.810645,3.5030603,-4.063072,1.9861012,-1.5252242,-2.1047623,-2.607812,2.2125893,3.195521,0.96963644,1.6779126,2.5002718,-0.039007366,-0.42032936,0.21352275,-0.7221809,-1.195344,0.9033349,2.5158694,2.9404058,-2.3795233,-1.6336428,0.18628354,-0.114617445,3.344928,-2.6472492,0.36159128,1.0245388,1.1389817,-8.108035,2.6762903,1.1306251,1.7336541,2.916349,-2.7298088,0.34538007,-2.3687165,2.6858733,-1.8647382,1.856072,1.89079,-2.7783625,4.240269,3.110575,-2.754852,0.41735744,-4.6829166,-1.647958,2.5746343,0.8367893,-0.64665186,0.7100104,-2.1366513,3.1131556,2.0336776,3.404657,-1.2022704,-0.30511847,2.517205,0.7746551,1.1506293,3.49973,-0.21465506,1.2574041,-7.3281465,1.655837,-0.6347375,2.1978705,0.5920277,2.2196896,1.0918716,2.3803978,2.753635,-4.373136,2.5237215,2.9482455,1.4820079,-0.9351977,-2.1033807,-2.6742735,3.9274206,2.686508,-1.245291,-1.4817338
20,6.0310917,11.294258,-6.367731,0.020997293,3.2002301,-11.5526705,-2.6658263,6.2115426,4.083657,7.909018,6.116272,3.8892963,0.8262178,-6.395668,-0.18818092,-4.577163,-1.003952,5.795218,6.479185,5.726104,-7.3164573,-7.1577573,3.238637,-1.9497442,3.885255,18.503857,0.2518204,-17.922892,-0.14659151,3.5529633,-8.719485,2.3839142,-4.3124814,11.144375,-0.6492763,-3.5993156,1.8184572,-15.759968,-9.106904,0.3060611,2.2308543,-4.443646,3.4659672,3.4725628,0.28283775,8.186004,-5.526515,-3.6843069,-5.5843434,-8.581404,-7.9020524,9.7904825,6.323319,10.500413,-3.815463,1.8099236,-1.4134407,-5.023322,-2.5164135,-4.90144,-5.5420103,4.9288526,2.0164735,3.2350466,-8.010201,-9.308589,-6.1047897,-1.1677074,-1.1321815,-3.924686,-1.114978,0.98476547,8.4237995,-7.0053453,1.9361628,-5.426917,-2.6799326,-4.8445024,1.7366884,10.918359,-1.6468525,11.108011,-3.0372157,0.13621208,11.343455,-9.684187,13.314096,9.102688,-3.2695477,-9.712989,-13.4253,0.7357783,7.555146,-0.12121028,2.376466,-2.2724288,-1.8370055,5.3717217,9.153302,7.547269,-0.38833013,1.2114868,4.0843897,4.618406,2.3308594,8.659887,0.8376063,-4.423068,-12.792927,0.33662257,4.03742,1.2167369,0.96533346,5.7231236,-2.5021536,4.2834153,2.2908018,-11.305475,0.3823996,9.703533,0.24744561,7.4507923,-9.563526,0.36774886,5.2334566,1.6715733,-8.448168,-2.4047737
21,6.1777987,5.501802,-2.5936806,-0.30223435,2.3346105,-3.5947218,-3.3845432,8.50246,4.3419623,3.1152372,-0.11081009,0.4838253,0.07645629,-4.5420895,-2.391333,0.455188,-1.0371674,3.7010732,-0.008196071,3.4444487,-5.518181,0.7310009,-1.7599709,2.4044588,3.2325077,5.2068486,0.6957145,-6.763962,0.47125748,-0.78605384,-5.4656024,1.3512626,-0.68439806,1.6108695,-4.4340267,-1.309267,-2.4121728,-8.461789,-4.0326924,0.12534638,4.8587346,1.3257506,-2.1507485,2.139767,2.6433513,2.8149443,-3.2982929,4.7255464,-0.6051997,-1.8882186,-4.3717914,2.505268,4.6063304,3.9109938,2.99887,1.7055966,-0.61647797,-1.0003442,-1.2358449,-2.8254511,-3.5726688,3.1936333,3.3276975,2.0806944,-8.600888,-1.6650044,0.8015528,2.3546906,1.6746547,-1.2404307,0.11911596,0.89605784,1.5516828,-7.6871963,3.181866,-0.018758088,0.4023768,3.5911252,-1.5243117,1.9070646,-3.6163857,2.7078607,-2.1852834,2.6262555,1.6805317,-3.0261762,5.2019935,3.3138487,-3.5168009,-1.0867462,-4.566758,-2.3608198,2.496279,-0.33460468,-0.48154527,1.9791131,-2.1029918,6.0089326,5.347783,3.0022027,-1.435079,2.7265193,2.092964,1.4527773,1.4104623,4.6525035,1.1135671,2.4726024,-9.705244,2.01588,-2.206427,3.5783813,-1.2988061,5.756323,-1.1740466,5.511477,3.4201918,-5.0959916,2.5867586,5.399047,3.2629642,0.31774917,-3.9953566,-2.9584014,4.902658,3.4321423,-2.7908993,-0.95346904
22,3.3047926,2.9488642,-0.5105239,0.91101885,0.16068323,-5.6440387,-0.9035609,4.2709823,-0.39533508,3.2628272,-1.2565062,-1.0411824,1.1090722,-3.8651261,-0.16418016,-3.6170108,-0.43502322,3.3907053,1.4191806,1.9884232,-4.56027,0.31051615,-3.2981472,-1.1649907,3.5353396,5.3904305,-1.734912,-3.1981473,-0.3169694,-1.8918195,-3.9193263,2.7684956,-1.6868068,6.3024282,-2.4843507,0.42527065,-1.745444,-4.9787064,-3.4033272,-0.52251875,2.9034534,1.100204,1.3151001,-1.6385288,2.1907804,4.309125,-1.0259103,3.3362372,-4.48269,-0.1625045,-3.0593598,5.9095907,3.9700406,1.425602,0.6349118,3.6638072,-0.61166424,-3.0376165,-0.20730726,-3.1836073,-0.18971597,1.1598374,1.6893697,4.5797396,-1.726793,-2.0098135,-0.5630475,1.0288814,2.6765513,-0.7913599,-1.5395213,-2.0178332,1.4030852,-4.0074577,2.0602162,0.6720401,-0.8834496,1.0362594,-1.7513621,1.260006,-3.283644,-0.47351038,-2.7066588,2.281531,3.7818072,-1.345891,2.899441,2.0877259,-3.341219,-0.6402753,-3.4440756,-1.4029745,1.5932714,1.5466863,-0.42104107,2.6740468,0.073194616,0.07678731,2.4985118,3.318612,-1.4078677,0.6652209,1.8629171,1.8102598,1.6348865,2.094235,-3.031378,0.66072893,-4.3287582,-0.32895237,1.4483185,0.74329644,1.5471655,3.5921183,-5.741321,3.6997423,2.5088499,-5.1209993,0.1154966,2.3336992,-0.06807878,-3.768987,-1.9150094,-4.637943,1.5858171,2.8320265,-0.6576434,-1.8062038
23,4.0054946,3.7176824,-2.4789429,0.4120887,0.7052937,-6.3906617,-2.227839,6.3950644,0.9120102,4.3271112,1.0100471,2.154161,-2.1797183,-5.4932523,-3.1918583,-1.3024653,-0.8196107,4.2566457,2.4587767,5.0115423,-4.0377855,1.6774437,-1.7243264,1.5126897,2.5574636,4.6322703,1.956606,-7.4551973,2.2052321,-0.88621026,-5.143845,3.4058015,-1.2006335,3.4385135,-6.1193457,-0.33694318,-1.9551569,-6.5309815,-3.220583,0.019524844,3.0595286,-1.4703305,-0.25603354,1.8161249,2.4666374,-0.63207483,-3.033055,1.8348526,2.2716708,-2.8875375,-3.8990014,4.778534,5.860545,2.9511552,1.4616591,-0.11824869,-1.728725,-1.9862204,-1.4942453,-1.5140432,-0.9435547,3.6916432,0.5985931,2.5133474,-5.7252965,-2.5287352,-1.2418435,0.24085513,-0.20056742,-1.016622,-0.933601,3.105293,4.2675986,-6.9138308,2.7337127,0.7561813,1.083846,1.9548703,-2.7049463,3.6067684,-2.2619555,2.2324967,-2.0714583,1.7958019,1.3873181,-4.8034062,3.991151,1.7327293,-4.7789736,0.8227144,-4.738909,-2.7659848,2.3668377,-1.475359,1.5818758,4.0961533,-3.6282089,5.780558,2.7001593,-0.39830968,-0.75620323,2.0213282,1.125025,1.954889,2.456558,5.741294,-1.287357,-1.3319212,-6.975935,-0.20069766,-2.9574652,1.3834864,-1.527019,7.8704247,0.4802707,1.5955157,2.8217816,-5.743506,-0.49621126,5.3500094,1.8323244,0.6978606,-4.7418985,-3.2772882,6.150243,4.518578,-2.9871871,-0.44114083
24,3.3617074,3.5395133,1.5055734,2.854138,2.286358,-3.0292587,0.6027318,5.9511447,1.3923769,2.868221,-1.7420796,2.2236717,-3.0157793,-6.1453743,-3.4396312,-4.054026,0.083218925,3.3912158,6.3643007,4.9628987,-7.2367797,-0.08108157,-1.462739,1.7689553,4.379564,7.23502,-2.039732,-7.085421,0.6641829,-3.345187,-4.6068625,3.9105163,-3.1333723,3.8027616,-2.1726367,2.2074912,-0.50636774,-5.92521,-4.736888,0.763314,0.08108902,-1.4968476,0.15597966,-0.9893635,-0.791593,6.211577,-4.556424,4.7462134,-3.155301,-1.0824455,-3.7336316,4.284288,3.5598106,3.3192363,-2.0176513,2.780627,-1.1533834,-4.126243,4.1669436,-1.2052373,-2.5343266,2.8913324,-1.0831441,5.348367,-3.5158103,-1.7439398,-1.3873178,2.721514,4.0436254,1.7025567,-5.418115,-1.6902956,5.2999563,-4.1665893,2.2359548,-0.2605254,0.14772534,0.8601386,-4.759242,2.3340838,-0.09309579,4.6672945,-1.6453779,-0.22080928,2.4600348,-1.5480868,4.054456,7.003179,-4.878207,-4.7374883,-2.3022237,0.7442583,1.3042908,1.9374938,2.9161515,1.1190183,-1.0288572,1.7011504,7.1835513,2.863763,-2.4095988,-2.2911694,6.4981356,0.52198386,2.5114424,3.8005123,-0.5766802,-0.8274294,-10.078959,-0.9344397,1.1637462,0.39858356,6.9743724,5.710261,-5.1370816,1.5652794,1.1905006,-6.5579424,2.9169745,2.5377781,0.44053158,-2.3066435,-2.6385336,-2.7521873,6.060766,1.0528651,-2.3295138,-2.9270215
25,1.0646849,2.5517404,-2.8610835,0.71779794,0.953217,-5.5050707,-1.4051896,3.4681716,0.74651736,3.5988822,-2.0286427,0.8679291,-2.3853655,-2.9828696,-1.955445,-4.239624,1.8007543,6.3934336,5.639809,5.4840627,-5.213782,-1.6397566,-3.3370984,-2.029612,3.4424682,8.392134,-2.622515,-4.035731,0.10323061,-1.1541377,-4.2704024,2.6276498,-2.3264408,7.039243,-0.63488483,1.3383204,1.7004882,-6.5288734,-5.207125,0.442019,-0.5213656,0.7981217,-0.7371287,-0.7224355,2.2566001,6.351199,-3.0097785,4.06201,-3.8134346,-4.085832,-5.4889493,5.995824,2.6975114,2.8925025,0.33951008,3.0082414,-0.50476396,-4.779479,-1.3575808,-1.8901829,-2.045359,2.6809309,2.8396463,6.6052294,-0.63615996,-2.2584593,-0.8943835,-0.34584412,1.4605551,-0.23339249,-5.0777698,-2.84152,4.685609,-4.4364924,0.11810269,0.29326025,-1.2328049,-0.79583395,-4.922562,0.6814323,-0.44471675,1.8762115,-1.1098621,0.44381312,5.0323424,0.14590609,4.61123,5.317423,-1.7640972,-3.7818806,-5.0520773,-3.0586898,2.8161635,1.8775796,1.3668435,0.02668631,2.059268,-0.48492467,4.941784,3.2849598,-3.5227642,-0.9363685,5.961284,3.5271661,4.0826964,2.3907804,-4.2149606,0.022628069,-2.3807483,-1.1485934,1.3181515,2.1623394,5.134915,5.1702375,-5.5770755,1.6420918,1.9948441,-6.234833,-0.10065851,2.6774168,-0.5701462,-3.8096676,-4.8996587,-5.6462035,3.3171716,1.8163106,-0.37248522,-1.4370083
26,0.82209843,3.3149898,-0.9543593,3.4313009,0.15864499,-6.2726817,-0.35848692,1.6502649,0.31819806,6.4562664,-1.6933279,3.7732608,-2.2591922,-3.7310066,1.4472618,-2.7117796,-2.3169453,3.5561526,5.8605204,4.8462615,-3.5842142,-4.6782713,-0.7711048,2.1688259,5.1810107,8.258591,-2.4535303,-3.735639,-2.9442089,-0.45522076,-6.943241,2.160897,-2.8102744,5.5055985,-3.5069427,-1.4414177,0.23885259,-6.998066,-1.1276606,0.45437217,-0.98518205,-0.43673152,-0.5020553,-1.1464787,-0.13501054,4.6458178,-3.9435275,1.7712629,-4.5185237,-7.5921764,-5.130596,3.405967,4.337183,1.0436504,-1.0229071,1.9797955,0.041332614,-5.674415,-3.1097846,-2.6347153,-1.8181732,2.6641204,-0.16403538,3.4624784,-2.7691891,-2.841706,1.3079975,1.068545,0.12757021,-4.232428,-2.3693395,1.351631,7.0041146,-3.7509074,-0.88124967,-0.9808918,-3.7520497,-4.252508,-5.2125382,5.602989,-0.9121997,4.4664993,-4.116065,4.066351,8.749782,-4.593149,8.730459,4.357105,-2.1638715,-3.5152974,-4.6943045,-0.3686686,5.47297,-0.9652325,4.948068,0.9749965,-3.2733011,2.227874,1.2678009,3.8195865,-2.5446873,1.7629478,5.328579,4.853256,3.9697127,3.9657097,-3.1080146,-2.877425,-4.5567803,-0.186607,3.1565454,1.5857233,1.216305,4.062767,-3.7465093,0.4160759,5.7870517,-6.976807,1.3009485,5.111485,0.7187033,-1.4753222,-1.5046073,-5.002993,3.5603843,3.9229126,-2.5468163,-2.443993
27,0.081995115,0.9164389,-0.40725204,0.026555188,-0.043434173,-3.3193789,-0.48741066,2.3898969,2.8547146,5.743677,0.21096347,0.56392133,0.47579524,-3.2226346,0.8154402,-1.4763988,0.14042862,3.395602,3.3088675,2.486456,-2.0796278,-2.4413464,-2.107284,1.7769271,1.0570997,6.915205,-1.9110693,-2.597605,1.7437004,-1.903261,-4.4044905,1.1770613,-1.650534,3.328861,-0.99295014,-0.58485377,-0.8813999,-3.8881874,-4.378796,2.7577605,1.186041,-0.76095104,-1.235443,5.2027404e-05,3.064786,7.279691,-2.9180174,1.938875,-2.0209403,-1.3572803,-3.1566694,3.9002159,1.6156564,1.4410983,-0.356386,1.6581563,-1.7797287,-1.4596176,0.29766327,-1.2092732,-0.6512138,1.0027239,0.5499142,2.1525083,-1.8655128,-1.3081176,-1.3036523,-0.5813609,3.0632617,-2.6608806,-2.5322123,-0.56600213,2.6086829,-1.8615525,0.7531003,2.1149337,-0.64303166,-0.7581729,-2.1125088,0.49070513,2.1938174,1.6043653,-0.38110277,2.3173566,3.1998086,1.3062032,5.1285944,4.4912543,-0.013080357,-3.3226001,-5.65071,-0.7772284,2.9990854,-0.6706249,0.42987102,-0.82939774,0.68459344,0.6500534,3.1328592,4.82915,-3.301208,-2.5096023,5.4076552,1.4742854,3.0128484,0.78312653,0.06931387,0.97409344,-5.7634974,-1.691516,2.0237174,2.7312481,4.9330235,2.388231,-2.7056375,1.0789056,3.0951161,-3.6419275,0.9268272,1.3621336,2.3413143,-0.4316507,-1.7773409,-3.7695873,2.0742686,-0.19108033,-1.7105149,-2.4658642
28,4.6183014,3.7356706,-2.3413706,1.6736195,0.084220245,-4.5117807,-0.6465622,2.7991934,-0.04871624,3.795492,-0.6016325,0.4400877,0.30165756,-3.7980483,-0.88173753,-1.1455106,-1.0538847,2.756924,0.84146655,0.6952397,-4.644406,1.1588669,-2.374918,-0.25291294,1.8129154,4.1786375,1.7051836,-4.2995143,-1.3525524,-1.5281141,-3.139698,2.3704898,-1.4333358,3.0967312,-2.2002606,-0.56150824,-1.9207648,-6.293561,-4.856207,0.23520847,3.531351,0.40710485,0.044753246,-2.0661714,0.320965,2.8779445,-0.775094,2.1146855,-3.7156076,-1.0509981,-2.3146238,4.6391187,3.0239432,3.065816,0.33071625,2.3294358,-0.110715866,-2.3306565,-0.15598609,-1.47301,-2.3150039,2.520225,1.5453293,4.124033,-4.0430646,-0.79086965,-0.9766554,2.0768485,2.1205394,0.23980609,-0.63686717,-0.29178533,0.23815748,-4.6981177,2.8654206,0.3796661,-1.7163092,0.4437901,-1.4198378,2.5023904,-3.403388,1.1521926,-2.7082927,2.3621879,3.3455365,-1.5139853,3.163389,1.6266623,-3.6945643,-1.6433425,-3.6395977,-0.7019773,0.6031876,0.6798348,0.7232571,1.3051827,-1.1264838,1.4248966,3.7965224,2.2010908,-0.7277296,2.9668975,2.936086,2.2987514,-0.58332014,1.4705113,-0.9525312,0.9628586,-5.194163,0.58313626,-0.35281098,-1.1323904,1.13587,2.5428102,-4.319022,3.1199489,1.1002121,-6.7948537,0.6147604,4.2678657,3.2894802,-1.0816029,-2.6783514,-2.979716,2.165774,2.7482357,-0.8323184,-0.2925744
29,1.6599964,1.8348695,-0.0572082,-0.39123946,-0.059961706,-4.347528,-2.7196558,4.823215,1.2825263,3.4746308,-2.483694,-0.9320664,0.4866485,-3.559568,-2.2866983,-4.607476,1.2530298,2.3064616,0.4253378,3.4587815,-2.81608,-3.6853242,-4.431572,0.5881247,3.5324857,4.437861,-2.1823382,-4.005302,-0.22531223,-2.5670564,-4.835609,2.2063298,-1.2300142,4.7293677,-2.4979665,-0.2771345,-3.1090405,-5.3499427,-1.6620264,0.21845138,2.34382,-0.85417384,0.2981646,-1.1794124,1.6693338,3.2127416,-2.7307801,2.6039865,-4.0841856,-1.3500288,-2.1943877,4.878923,2.9808743,-0.08556029,0.78413683,3.3400686,1.1520225,-2.3214688,-0.13505782,-1.3951546,-0.046910096,0.10653937,1.7455658,2.7213047,0.023688035,-1.9564444,0.02392421,-0.5137393,3.5634952,-3.3856127,-2.409699,-1.376369,1.176783,-5.8855658,1.9857067,2.0180247,0.08139406,0.062031843,-3.0650544,1.387436,-3.255627,-0.019155724,-2.7151012,1.0076809,2.5281749,-2.2039773,2.8706386,3.551181,-2.7311265,-0.036869995,-4.078159,-0.5708268,1.0574495,2.4157207,0.42167896,1.1149089,-1.9974486,2.0443487,2.0982056,3.690358,-1.6695365,0.86042124,2.5391467,2.1215234,0.55508655,1.9755769,-3.2560139,-0.08027768,-5.8658314,-0.47589147,1.5397582,-0.0110070985,1.6601217,1.784514,-3.6178474,3.8295164,3.8762305,-4.2140093,1.1456598,2.020232,-1.311915,-3.8569717,-0.17165226,-3.9754379,1.751555,2.5580382,-0.96929866,-2.4599514
30,4.697078,4.78775,-0.64474356,-0.25083992,1.919828,-5.4926705,-3.65816,4.550674,1.8588274,3.8617618,0.09676652,1.9059753,1.1023962,-6.076092,-1.9213591,-2.362534,-0.6592187,5.6958265,2.5857735,1.3041474,-8.515261,0.80096513,-2.9688058,2.572567,2.4918396,5.3155503,0.67573124,-4.908426,-0.19521782,-3.8171222,-5.880656,4.6713414,0.5429329,2.815955,-2.590347,1.1306962,-2.5783718,-7.589279,-4.4774446,0.57907116,3.732481,-0.8508994,-2.1526089,-2.560579,4.3099327,5.338281,-2.467063,5.4542003,-3.6101873,-0.99551564,-5.013136,4.972684,3.9799113,-1.0085435,2.5362058,3.0732894,-0.14182565,-2.896964,0.48899814,0.15739764,-3.0664842,1.4140397,5.027016,4.890412,-3.5912066,0.18981975,1.0888811,1.6782169,3.5350049,-0.08138019,-0.6081863,-0.5967341,0.614845,-6.904445,3.296573,1.2087439,-0.67876947,1.1724486,-2.1105084,-0.32226965,-3.583204,2.0916212,-3.6175542,2.5494535,4.200194,-1.5892838,3.4195576,2.4284601,-5.646718,-1.4271557,-5.251337,-2.532351,-0.80784106,-0.22393642,-0.49685287,1.7261477,-1.8609843,2.6038055,3.7916763,3.002176,-1.8932991,-0.07078116,4.875364,3.4786406,1.8853074,3.2699978,-0.9120673,3.9876785,-7.0315623,-0.3033106,-2.045328,1.0907713,2.319336,4.6873717,-2.7444994,4.980837,2.6260276,-4.7906194,2.3371077,5.394643,1.9750708,-3.134303,-2.5875044,-6.5013776,0.9589461,2.3045952,-1.0199133,0.30529803
31,3.1984677,4.3631473,-0.8646741,0.7205154,-2.956861,-4.982908,-2.9675617,7.2533054,0.89581376,6.602986,1.1953174,0.8098401,2.4610698,-5.5726595,-1.5215052,-1.1485575,-2.1581337,5.2284513,-0.30408502,4.690456,-3.895718,-0.03097344,-0.69912905,1.4751894,2.8825147,5.9739375,-2.8578591,-5.209792,-1.3564854,-1.3414965,-6.0850153,1.9976956,-1.9740189,3.292731,-7.1568856,-2.40933,-3.0678058,-10.77862,-0.4608453,-2.6915562,0.7887842,1.5075746,-1.1321001,0.33808893,0.5838858,4.0997157,-2.5521457,1.7379117,-2.3774505,-3.3698041,-2.7050772,4.189413,5.7686653,1.0432271,0.970381,2.2583773,0.8882319,-3.5505428,-0.23134138,-4.9999113,-0.73387796,3.3458667,0.4982651,3.238291,-6.6105876,-1.0045564,0.42814243,2.7466896,2.4954903,-4.513263,0.2822718,-0.051298715,3.8975294,-6.808308,2.5954962,3.240946,-1.0859497,-1.5586559,-2.0759215,6.3128743,-2.500177,4.5432215,-5.9882817,2.388352,4.817403,-3.6374571,5.3307977,2.5552278,-3.3013012,-4.3884172,-5.291745,3.2518435,0.828185,2.1450675,2.2519383,1.2724121,-2.8071666,2.7415366,6.816771,6.3209352,-2.860506,0.9431891,1.6882795,1.7385619,1.0042747,4.8852415,-1.5581151,2.2824516,-9.618597,-2.043395,0.2483535,0.33013055,0.07987982,3.2884104,-3.7579384,3.6510947,3.9650476,-6.6927333,2.0065832,4.165439,2.912126,0.14612167,-1.806183,-0.11834872,3.6821487,2.942059,-2.8738937,-2.43063
32,1.0984669,0.6279473,-1.8371481,-1.0320351,-0.12060518,-3.1840293,-3.91715,4.326108,2.869446,4.9163384,-1.9335643,1.3770527,-1.6750761,-4.397053,-3.880653,-0.4454125,0.7704123,4.1472554,0.45741767,3.5514052,-3.3371398,-3.3453531,-1.8010089,4.1564465,2.3940032,2.2067356,1.633629,-5.9620013,-0.7288693,-1.8298371,-3.8190498,1.8022538,0.2928734,3.3768048,-4.2482915,-1.492,-0.15332046,-4.610177,-0.13348605,1.9262618,3.7513397,-1.4544096,-2.8994825,1.3535304,-0.66682947,4.3244567,-1.4904803,2.8821764,-0.83750486,-5.506715,-0.7777621,2.5939937,4.0047297,1.5418887,1.1932936,-0.6304531,-0.55462074,-3.6472027,-3.7618225,-1.4074366,-1.6237602,1.798557,3.2358925,2.9527323,-5.3208447,-0.70316595,0.52462417,1.7303737,1.8280149,-1.3579785,-1.0872034,0.16871892,1.4029258,-6.416414,2.4861147,1.6636516,-2.163312,1.2058376,-1.6061451,2.3488896,-3.7141986,1.8714496,-2.6038918,3.1885793,2.3968077,-1.2092278,6.2232223,1.6430286,-3.145679,-1.519274,-4.912506,-0.9904651,1.273739,0.27019906,1.5127754,-0.272969,-2.5168211,5.1488214,5.3434935,0.6959847,-4.931242,2.76117,1.8726249,1.5670866,1.676224,3.249622,-2.1542459,1.5823439,-6.1383057,3.0112345,-1.5731046,2.0219252,-0.47704,3.958285,-0.35882083,4.026228,4.0229034,-0.98869336,3.142571,1.1462805,1.5233165,-1.1583307,-1.5091709,-3.9137325,3.8816125,4.1455984,-1.6260284,-1.2107079
33,5.2072787,4.159079,-1.7768844,1.7797657,0.6650192,-2.3893058,-3.3666337,4.9086485,1.2666868,5.4861045,-1.5960054,0.9316625,2.3104253,-3.2828922,0.84465134,-2.090512,-1.8066939,3.4357455,4.2404094,0.15683706,-3.662552,-1.0204113,-2.7148159,1.1118013,1.8281456,6.996891,0.062737554,-3.4598749,1.5654734,-0.7298598,-6.9460244,2.9662066,1.5314991,0.7639392,-3.8584073,-0.82116014,0.24446173,-4.5948944,-0.86211747,2.4173899,3.80147,-0.2131716,2.548694,-0.5861416,2.7406793,1.0675174,-3.3308973,2.9398777,-4.8449163,-4.0359883,-3.0947154,3.015391,2.0456207,-0.5257591,1.2786757,3.346974,-0.43226776,-2.0717244,-1.031503,-3.7954118,-2.108022,0.54166055,-0.9978423,1.1299676,-4.858857,-0.811372,0.4566856,0.8396681,2.0646658,-1.6518869,-2.840521,3.5311222,2.4698315,-5.130334,2.5714793,0.141638,-0.98078924,-2.1539736,-1.1751348,1.2463472,-1.8156185,1.98631,-2.556536,4.61813,3.3091054,-3.9958405,5.6147857,1.4760153,-2.5043132,-2.813177,-4.559385,-1.4908208,3.6894596,0.1078447,1.0418842,1.6322708,-4.3659453,2.9211123,2.1700888,3.0276065,-1.041025,2.3757794,4.017232,5.463371,1.9067478,4.5139794,-1.4301347,-0.9772844,-5.4462776,1.1589653,1.652323,1.1255534,-1.325612,1.1321617,-4.11106,5.123218,4.8501873,-4.482356,2.464366,5.713543,0.8473815,0.039723046,-0.46446353,-4.0798917,2.2843368,3.934228,-3.0719244,1.6686579
34,1.1000973,3.506929,-0.35442242,-1.8795619,1.4380231,-1.583343,-3.3994448,7.587123,3.805707,1.2072115,-0.8876697,1.3408191,0.026543112,-4.831893,-3.6604507,-0.88223135,1.0745354,4.998828,4.152617,5.411973,-3.7031624,-0.03294263,-2.2825742,4.9381266,3.4778595,4.056727,-0.3334622,-4.4911385,0.23760852,-3.1779165,-6.601568,0.59762186,-0.56466657,2.8983426,-1.1684765,2.8614478,-0.06496797,-6.3210683,-1.7003975,-1.3302866,1.8735154,2.1367164,-3.443564,1.3979564,2.6515398,3.5311656,-4.032067,2.9120789,-1.26768,-3.8993614,-3.739039,4.0095596,2.7358854,-0.031140428,3.3889601,1.7731237,1.781221,-2.0007577,0.17610414,-2.097362,-1.9351296,2.074065,1.7500294,2.9191723,-3.217151,-2.7905989,-1.2473295,0.14870691,3.9864051,-2.1506903,-4.3945227,0.052621994,4.7800007,-6.1236362,4.7947035,1.4258275,1.309595,3.9154952,-2.7600858,-0.9198822,-0.7940666,3.2753153,-1.6732602,1.0692443,1.2214928,-1.4168223,2.4632623,5.061621,-1.7921093,-1.3665401,-7.029181,-2.9621496,-1.1047065,2.1943078,-0.67462677,3.9472222,-2.5808203,2.9173703,3.7807975,3.5610363,-3.4269404,-0.20492442,4.963535,3.9378486,2.8284445,3.5240839,1.2501518,3.2436764,-8.176553,1.2911413,-0.8346438,2.7068121,3.2789445,4.8513007,1.2477436,3.0804496,4.26073,-4.3324523,2.750291,3.7961187,0.9762458,-0.9683491,-1.0546217,-5.0126815,5.355894,0.060087804,-0.32096726,-1.2883549
35,1.5298859,3.342203,-0.6726126,-0.16494411,-0.49482846,-4.4524446,-2.6447208,3.6060994,1.3220068,4.772184,-1.793938,-0.06860139,-1.0403706,-3.1179307,-0.22131896,-2.0869424,0.49632856,2.0331817,0.95275575,2.600024,-4.4453955,-3.9068944,-4.1006665,0.88481283,3.1189659,4.804742,-0.6306542,-2.1309125,1.2779975,-1.3736125,-3.7720985,0.95573586,-0.81679446,4.392662,-1.8098373,-0.59890145,-1.5311564,-7.3115387,-1.7637981,1.5852479,2.8369153,-0.20243138,-1.9477842,-0.866077,3.250853,4.5347404,-2.178901,2.9402974,-3.94646,-3.095262,-1.2491387,3.8655791,1.777475,1.6025271,0.51188374,3.1367977,-1.2552894,-1.5210787,-1.5320728,-2.053258,-0.10280563,0.69852775,3.4324408,4.629325,-0.82306695,-1.0651149,1.3319377,0.0029711127,2.0598736,-1.9984976,-1.1478797,-0.90853316,0.23330893,-5.522452,1.5472703,1.8266337,-1.0674938,0.14508232,-2.7461188,2.0832424,-1.5804447,1.2047468,-1.350248,4.569635,3.6888325,-0.1282601,4.132333,2.93483,-1.2783179,-0.67588896,-5.7262707,-1.043854,4.2491436,1.1809888,0.73271924,-2.1141267,1.5458251,2.4503357,3.8381245,3.8458,-3.5100036,1.8586797,3.4646924,1.1348612,1.0037137,2.1510315,-1.133354,2.2802045,-4.4900494,-0.26871264,0.74451774,1.9170034,0.978152,1.922079,-2.2297342,2.1461523,5.2315097,-3.7563832,1.9183286,1.3398017,1.055386,-3.9892664,-2.3460965,-4.725498,1.4075772,2.6433454,0.5301691,-1.525889
36,0.7425353,5.2540026,-2.8473644,0.20460188,2.0422435,-4.8610196,-0.52315694,4.26446,1.4124315,5.771079,1.8996891,2.050025,2.081455,-4.9373274,-1.3419436,-1.1227314,1.1704705,3.462493,5.112863,1.8340725,-4.0430636,-4.809466,0.23662215,-0.74119806,3.6327586,8.572433,-0.3785285,-7.1931844,0.048796356,0.60013366,-4.1246986,0.20051782,-4.895048,5.440075,0.72202444,-2.1788359,1.2671759,-9.052124,-5.3990316,-0.2578665,0.5889988,-2.5612707,0.31543362,0.90034044,0.5656958,7.325123,-3.6443317,-0.017652255,-3.619612,-4.0730734,-3.8173819,6.2711782,2.0772345,5.467062,-0.9014882,3.2340477,0.47717693,-2.1860886,-1.69546,-0.7695608,-4.7224784,4.3094606,0.7606212,2.3849413,-3.075336,-5.9173193,-5.4568577,0.6055988,1.0842531,-1.2389271,-2.8837793,0.6577695,4.3848414,-4.575651,3.383664,-1.0052782,-0.8641495,-2.139356,0.34550002,5.943365,1.4603062,5.3075395,-1.7118883,1.6675202,5.8627067,-1.9838102,7.802664,8.138932,-0.6652231,-6.0920243,-9.899974,-1.9234827,3.4882836,0.25556114,2.414149,-0.39309457,-0.22409406,1.6470243,5.97678,5.3102794,-3.3856244,0.93898475,5.2464647,5.481995,1.9447418,0.6698162,-0.20299962,-3.1098766,-9.077655,-0.5353046,1.2906066,1.6100726,3.5117793,2.7350996,-4.046399,1.4336929,0.35430244,-8.641591,3.2168028,5.82971,1.1539661,2.4711816,-5.0522757,-1.1004313,3.577475,0.2796606,-1.6194735,-0.42574215
37,2.085395,3.7721229,0.23150249,2.4210212,1.2311743,-6.183009,-2.4209595,3.9618979,-0.3837208,3.5670016,-3.0119796,3.0580997,-0.2642032,-4.887014,-4.116976,-3.700857,-0.69214714,7.6376987,3.548494,6.6447005,-4.5865803,-0.195611,-1.5397711,1.3374804,5.997087,6.02205,-2.0878315,-3.6051478,-2.486808,-3.5237956,-6.703633,5.86168,-1.0863758,8.039082,-4.9158535,0.27865684,0.91881627,-7.588369,-1.8019463,-2.9778285,-0.4651848,1.9930995,-2.1188538,-4.2908397,0.16888875,5.2986197,-3.6653228,4.2304783,-5.5579877,-2.9791617,-3.1226046,2.881955,6.864582,0.69129324,1.2054383,2.6124127,1.464097,-6.0905967,0.69667935,-2.1647067,-0.6771081,3.5196705,0.9445435,5.3615212,-3.2534814,-0.5919597,3.1274586,1.6959661,4.127658,0.3875217,-1.9162877,-0.34830424,7.245924,-6.2673774,2.8208783,-2.6761003,1.3591396,2.0721593,-4.4528766,2.1388156,-4.291697,1.1320803,-3.8602724,0.19084637,3.9846356,-4.6213846,2.1608756,2.108728,-5.8729315,-0.23325256,-4.971599,-0.5759974,0.12966493,4.4853506,3.279269,7.397899,-4.0774384,0.53755033,5.7771955,1.229076,-2.162435,0.7795312,3.81205,3.0585592,4.4389396,4.9580936,-3.2812371,1.1760769,-8.311269,0.004436483,-1.192398,-0.8553062,2.554179,4.55958,-2.4506297,3.817408,4.0380344,-7.8519907,3.350068,3.6690855,-0.7602372,-4.827395,-2.2705777,-4.4431744,4.128227,2.8008893,-3.0385816,-0.73438674
38,2.5349188,3.9314084,1.2800205,1.2216471,0.5718866,-5.4114084,-2.3845613,1.3446567,1.1225563,5.718821,-0.34730187,3.7629898,-1.4918923,-4.3995543,1.0413646,-1.1955463,-1.1524892,3.3866498,2.8890107,1.0920622,-5.994292,-3.932115,-3.5801334,1.2643532,4.9208474,7.7225356,-0.39779645,-3.8993988,-0.57145417,-0.9727626,-3.448265,2.8251665,0.66642827,5.7869167,-2.0322747,1.1684366,-1.5536718,-5.28412,-2.0236852,3.9380715,1.8001933,-0.79035634,-1.4023579,-0.28454417,1.7030466,8.202624,-1.14853,1.6472952,-5.5236473,-3.8153644,-2.9112475,6.9553156,3.8972633,2.6204665,-2.4162102,0.7105869,-1.5588223,-4.986381,0.08813625,-2.014406,-0.7036527,1.4480617,3.2557619,3.6826005,-2.0467265,-0.28818813,1.718947,2.927322,1.121052,-0.16671194,-1.2963499,-0.07778343,2.2208233,-3.2061574,-0.67715657,-1.8539084,-3.1760483,-2.5052795,-0.935083,2.7117515,-1.7147534,1.4338695,-2.1231654,3.5474072,7.8943114,-1.6914797,4.2446113,2.8614585,-4.1136394,-2.0338724,-5.1301675,-0.50554734,1.743304,0.70832664,3.9464085,0.20120867,0.9669439,-0.4512053,3.7940326,2.815311,-1.9400235,0.5071696,3.7068279,2.276477,3.875836,1.4200873,-0.9331305,1.5667273,-4.7831354,0.17105535,1.1524907,0.6906603,0.8771295,2.705451,-2.9576647,1.5255232,4.80505,-3.9332418,2.716226,1.0990877,-1.0349458,-4.4372325,-3.2111468,-5.1157355,-1.0700954,3.219933,-1.181613,-2.628035
39,2.0519779,2.8676414,0.11853652,0.12889928,0.43288618,-0.5354498,-3.1518712,5.4546523,1.8428113,3.3037946,-1.5804728,0.6873704,-0.7167342,-3.013168,-1.558354,-1.3752179,-0.41350842,2.4742568,1.6884679,3.7758715,-2.7563593,-3.6625085,-1.2396941,1.9732306,3.8094707,2.5452251,-1.4718026,-1.5616972,0.12337676,-0.68658787,-3.591302,1.4779242,0.19948554,1.5848248,-3.0905743,-1.6401123,-1.490884,-6.391797,0.784412,0.36324573,-0.25943387,-0.6900833,-1.1569693,0.847619,0.6984879,2.199719,-2.6219125,2.3999002,-1.4578212,-3.3671684,-1.6165031,1.4882978,2.0299835,0.8547715,2.1060143,1.0315586,-0.41532117,-0.7154524,0.26192564,-1.523221,-1.9043788,0.8107626,1.2208476,0.789155,-2.5064416,-1.177156,0.22123073,0.059760284,2.5872002,-2.399505,-0.69291985,0.23814945,1.4288651,-5.179913,2.4481325,1.0449222,1.1992579,3.2015734,-1.625368,0.52007914,-0.9015312,2.322762,-0.41193798,2.0493302,2.212103,-1.3505906,3.5219543,2.5082312,0.61746985,-0.12456721,-4.9139943,-1.6822191,3.275367,1.1867318,0.19730216,1.2668862,-1.9313745,2.859644,3.1263728,2.8191268,-1.9361635,1.8100971,1.270953,0.0154212415,1.0527239,3.6436307,-0.6664678,0.9372432,-6.019583,0.45629722,1.5021628,2.5216622,-0.014494188,1.3885069,0.68236494,2.8250647,3.7457137,-2.1805444,3.0957108,1.5415144,0.32124743,-0.8298901,-0.83964753,-2.4122689,3.8080935,2.0425322,-1.3872725,-1.1102744
40,2.0916586,-0.3905906,-3.212474,-2.2840233,0.59327173,-6.319559,-4.344211,2.7029765,2.1259894,4.6978383,-3.182665,1.5644267,-3.4628263,-3.3573537,-1.7908984,-6.61523,1.5618106,6.69262,6.8085237,5.124721,-5.3313217,-1.5547557,-2.319709,1.2067839,-0.74615276,8.149882,0.0054552965,-7.8249054,3.3881423,-5.4633894,-4.1325393,3.7629435,-1.4141691,6.996064,-3.4109204,-1.4103007,0.46014407,-3.4464674,-5.7464294,2.1939805,0.58183247,-5.5055575,-1.0704589,-0.45067868,0.7109332,7.1919055,-1.496044,2.2708035,-2.1360693,-2.9996986,-5.35634,5.581122,4.564243,2.8437965,0.57711494,1.9509026,-1.2610813,-2.8013194,-1.8037369,-1.6037374,-2.9342117,1.4054686,2.22206,4.871889,-2.7083747,-0.7747614,-2.0315206,-0.40936902,2.6416328,0.7179931,-2.7487369,-2.1290991,3.8690243,-6.1290336,2.1060739,0.6682941,-1.5147232,-1.419584,-6.438856,0.44238126,-0.13745233,1.3627086,-2.9733126,-0.05766464,4.605468,-1.2705083,8.560022,4.621058,-6.556134,-5.760578,-5.5499825,-0.52297175,2.9137354,-2.1752605,-1.1759601,0.5920009,-0.47479767,1.5974265,3.3995273,1.6527907,-2.8266406,-3.1293042,6.0207405,3.5561595,6.198324,3.6093333,-2.9837506,-1.7543929,-3.429195,-0.3080731,0.8932364,1.0479678,3.8171434,4.910044,-3.5200784,3.5044787,-0.35956913,-5.4923105,-2.9695172,3.483284,0.32968923,-0.0067330804,-6.005351,-5.1149755,6.146969,2.5197046,-3.2188797,-1.6424391
41,4.889507,5.228408,-5.0134687,-1.1733785,-0.13749385,-4.0682383,-3.0068834,3.5961928,3.3907616,4.6536293,1.9874513,0.8350655,0.93395287,-4.3607984,-0.37754798,-1.2813969,-1.712039,5.22414,1.6902331,4.0547705,-5.9031806,1.2408339,-1.4026566,0.7371018,-0.105288535,7.1192465,0.082598925,-7.556206,1.4196752,-1.7103652,-5.4099674,1.1686363,-0.7190024,1.6648867,-2.100892,-0.2776744,-0.6694566,-6.667871,-6.3168344,1.4873167,2.7962234,-0.4924454,-1.409804,-0.014420731,0.79555804,4.7765007,-0.91310525,2.4206777,-0.3448776,-0.91558295,-4.402976,4.545918,3.6482055,2.9658759,2.2125752,0.9169428,-1.4843116,-1.2613041,-0.94480693,-0.6211558,-4.2266836,3.707009,3.2921386,3.705255,-5.7176137,-0.690038,-1.1191919,0.3082126,2.3197138,-0.85695785,1.2709631,0.6027664,2.9286816,-4.937963,2.4931276,0.63140804,0.65690553,0.5320231,-1.0383483,1.663336,-1.4673727,3.3505728,-1.8434982,0.5486983,1.960325,-0.2949505,6.921126,1.6063806,-1.6328323,-4.3292537,-5.2878776,-0.85594445,0.033863172,-1.0523701,-1.0518943,0.5752374,-1.5904835,4.610806,5.5886254,2.4951534,-2.4881835,0.9564885,2.1538315,1.6360912,3.0416741,4.1845636,0.205596,2.896621,-7.3414593,1.3246356,-0.9843434,0.7230747,1.5391912,3.7612467,-2.601372,4.4597077,1.3757824,-4.6911,1.6883291,4.865225,4.8689227,2.6297982,-4.7008047,-2.1384845,2.3489237,2.9761639,-3.5226915,-0.093577296
42,1.9961368,2.3703094,-1.8169411,0.6696286,-1.2929112,-2.4372835,-1.669408,3.0167065,2.1265106,3.8110845,-0.4037712,-0.7387054,-0.711547,-2.281159,-0.32119048,-2.4331396,0.2667912,3.1664171,2.5115373,5.226687,-2.1167893,-1.08909,-1.244463,-0.5514227,1.9637666,4.42868,-0.64807194,-1.4597133,0.1275081,-0.48597857,-2.974523,2.3651772,-1.3005515,1.5787439,-3.2384245,-0.31301075,-0.52731705,-5.062906,-0.69878584,0.371351,0.68534833,-0.51804733,0.3692413,-2.629565,0.8453505,2.656133,-1.8773605,0.5242282,-2.6579168,-2.8497114,-2.6657581,2.7298903,2.78205,1.2229891,1.6665151,1.4415649,-1.1334363,-2.4762645,-0.8794321,0.28208464,-1.2712114,2.374108,0.9279797,2.6209207,-2.134379,-1.647141,-1.232024,-0.39587972,2.1128004,-1.1978202,-1.7849573,1.2791201,2.152476,-3.6862884,1.4779296,1.9971707,-1.3309214,-0.23523577,-2.425368,1.2544144,-0.039603442,1.2811627,-2.2489529,1.7466327,1.1081686,-1.4782308,4.030558,2.9805005,0.19204774,-1.0074173,-3.5799568,-2.4089575,1.8993042,0.51652175,0.5726473,0.5324202,-1.593243,1.2448512,0.35531443,4.1905875,-1.655493,1.0615733,2.2861328,3.3915262,1.6883882,2.6272628,-2.8372662,0.26549658,-3.7653363,0.50886095,1.1335407,0.6360982,0.63913107,2.2792475,-3.2269225,3.2102587,2.212496,-4.371001,0.20930561,3.0382042,0.7233436,-2.2511082,-1.6992508,-3.569486,2.7819183,1.9436079,-0.6872161,-0.8641098
43,3.9375663,4.4278045,-0.19754717,-1.0827112,-0.8542138,-2.3501878,-2.280794,7.3437104,1.7043211,4.50542,-0.9599101,-0.6852759,-0.21610564,-4.870428,-2.872699,-4.584894,0.19745244,4.650595,0.5959045,5.9523454,-4.5608387,-1.7205108,-3.2979715,-0.9082306,3.4898667,5.045775,-3.0856283,-5.2197394,1.6064955,-2.0311277,-3.6886563,1.3498992,-2.525064,3.8495817,-4.907466,-1.0055709,-3.1796992,-6.6375165,-0.476895,-0.4780835,1.3994261,0.4882216,-1.0431932,2.6409137,1.2352697,4.803856,-3.7988205,4.1671085,-1.4783814,-1.6228313,-1.9395703,5.4463897,3.8911169,1.8649555,1.4099498,3.2798624,-1.2931688,-1.5096419,0.934299,-3.2752357,0.160948,2.0300453,0.050857566,4.033835,-3.0154989,-1.9706804,-1.1715113,1.2362254,2.237121,-3.100427,-1.6603924,-1.4820348,2.244729,-7.6027865,1.6459782,3.0283527,2.2976978,2.3614879,-2.7513945,1.2528253,-2.362874,2.9865649,-1.0923332,2.0213401,1.05708,-1.0854173,5.9313645,2.3772168,-1.8299417,-1.1689279,-2.5427763,0.20894325,2.7424774,2.0955927,0.55705154,1.0450919,0.1930975,3.8198202,5.496031,4.8946695,-2.8466196,-0.8681966,0.7919282,-0.07718976,1.1808761,4.3594594,-1.683152,0.7640063,-9.165677,-0.572788,1.405671,2.2662787,1.4217852,3.9110022,-5.0438137,4.557752,2.2975059,-3.791335,3.4182882,0.46394098,0.92755187,-0.38180265,-2.8630595,-1.2379063,4.3023725,3.8295064,-1.6230248,-2.8031344
44,0.17823158,2.943309,-0.1549901,3.7366989,3.6984885,-6.1759195,0.10582467,5.708908,0.8260738,1.7934843,-2.0773358,-0.107260406,-1.0991291,-6.455725,-5.034326,-6.2425065,1.8647575,2.1711013,6.973293,5.0160336,-4.1535525,-2.7335265,0.33841413,2.3551204,6.493844,5.129648,-4.1485844,-6.999526,-2.0760674,-2.0612054,-7.2657824,2.2951741,-5.9661136,6.6367025,-1.9384687,0.6520425,0.3272703,-9.093304,-3.4266853,-1.6955473,0.042033967,-0.8772256,1.2263919,-2.7004642,0.785839,3.8809319,-7.4419565,4.750711,-4.4307647,-4.7964983,-3.4526246,4.5445566,1.7947819,-0.34519884,1.6716738,3.9927375,2.0123188,-4.003058,-0.18350898,-0.2523583,-1.2689713,3.3927727,-0.26500645,4.8015733,-0.21982604,-5.07282,-1.9665574,-1.5946977,4.4142203,-3.638499,-6.2452493,-1.6527177,5.7993817,-5.018388,1.5908847,1.0272866,0.5600716,0.7080307,-5.9156666,4.8152494,-1.6356481,5.6599536,-2.614095,1.0191714,4.5485945,-3.9006395,6.100775,7.254056,-3.1797788,-2.900465,-2.8823495,0.3726356,3.3236794,3.0593543,1.2102345,2.1055942,-2.1570485,4.6424046,4.3748,3.154083,-2.9071608,-1.2432561,5.8097343,2.671816,1.2363611,5.2605224,-2.4471304,-4.605401,-9.697043,-0.69446373,2.078802,1.1183764,6.3052254,4.333332,-3.0391352,2.0391338,2.156484,-6.1038218,4.898581,5.3826227,0.65814096,-1.7241437,-0.24898157,-4.0405927,5.6152954,2.749739,-0.4766534,-2.1145236
45,2.024719,4.66578,-2.8187912,-0.1717315,1.884582,-6.145687,-2.183097,0.8070273,1.7072564,5.0180807,0.2879848,1.2443075,2.2662306,-5.425553,-1.2771661,-3.705553,0.609969,2.8973012,3.5176196,0.26626283,-4.740878,-1.9976857,-3.523492,2.3562171,1.8541405,5.139905,0.46073207,-5.530081,-0.51535445,-3.798993,-6.433746,3.3946505,-0.49764127,6.2029867,1.9293147,2.4232366,-0.5435962,-6.3290257,-5.7064815,1.237145,4.717944,-1.5920775,0.7823132,-2.8459635,2.94562,5.9295883,-2.3968232,2.7248812,-3.568981,-2.0857346,-3.6416862,5.565878,1.8030027,0.1975926,1.4318229,2.8273435,0.2459388,-3.0892842,-2.440497,1.9753361,-1.4988312,1.5076433,2.8693109,5.5515842,0.82096916,-2.2526171,-2.0395844,-1.0437645,5.0888577,-1.9396663,-2.6390712,-1.902537,0.99758875,-4.4854283,0.73438156,-0.28758594,0.43249044,2.2399547,-2.996413,1.5711715,-2.098685,2.7079966,-0.5045964,2.600735,3.0052264,-1.3437647,3.9206665,3.210705,-0.60847,-0.79764235,-5.743033,-1.5035077,0.8835733,2.040765,0.4353903,2.178286,-1.5186604,2.779488,3.9989707,3.2301154,-3.2596607,0.97824615,3.5636113,2.8482182,0.62300944,3.1967814,0.26403606,1.1792173,-7.8327775,0.55315703,0.8901819,1.4241601,3.153041,2.1357975,-3.2463956,3.0263593,2.741234,-6.074741,3.296556,3.9732091,2.5373282,-1.3467448,-1.0612456,-5.3668294,-0.27465785,1.5430669,-0.33813483,-1.0954915
46,4.052049,4.7356715,-4.072162,0.568624,0.79431695,-4.1147013,-1.1141385,4.4176064,1.4950198,6.785674,-1.609471,0.28835905,-2.4707177,-3.205919,-1.4066952,-0.22817281,-0.8549552,3.444601,0.050496783,8.7298155,-2.9657993,-2.4206877,-0.37807798,-1.3915892,4.2906156,7.2350516,3.7822516,-6.622518,1.7656788,1.5524955,-2.840621,0.7169975,-3.1183693,5.2612367,-4.840797,-4.0721755,1.7332063,-7.7380958,-4.0506,1.7085238,0.85806125,-1.3571973,-0.67179084,0.4933411,-3.7541943,1.5558832,-3.0252242,0.15901788,-3.0259387,-6.979402,-1.0467738,2.5670118,4.068446,6.1742926,-0.7154856,0.00076906383,-2.6814444,-3.410528,-2.2940197,-3.9641478,-0.90659404,4.1200895,1.4853206,2.2480562,-7.9312124,-1.6007901,1.9498646,-1.4361081,-0.51038414,-0.8395425,1.3032106,3.8908482,6.3750153,-7.3556104,2.4490645,-0.30726832,-1.0092132,-4.075666,-1.8440928,6.6974688,-2.981572,5.1000533,-3.5362244,3.9323106,3.5853393,-3.4231908,10.489413,2.5299666,-0.982941,-4.090429,-5.753852,-0.54114014,6.9881577,-1.2111652,2.803509,-1.4772964,-3.7655919,5.76617,5.2789927,3.348375,-4.411813,5.2516103,1.517703,2.373289,3.717671,4.119998,-1.2584798,-1.8790361,-7.5832834,3.3149211,-0.70620835,1.477713,-0.8861021,4.6557226,-1.7635655,1.6671169,5.29404,-5.954463,3.024903,5.406127,2.1856952,1.8897169,-4.494794,-1.2133862,6.151655,5.528138,-4.6777782,-0.60140944
47,4.8626866,5.622011,-3.3797905,-2.184285,3.2339075,-5.501754,-4.360119,6.9170384,1.5788016,3.1047032,-5.526421,0.8068564,-0.12542042,-8.117647,-8.082647,-5.256688,3.7453058,3.41691,3.0201142,3.821744,-6.3422956,-3.2368588,-5.0794334,2.3134487,3.3771334,5.3234134,0.6077216,-8.285257,-0.94495463,-4.6155095,-6.6765947,3.171983,-3.2420068,7.504243,-1.5515274,0.31880775,-3.3502333,-11.827361,-6.1904607,-2.145403,4.064851,-0.99351305,-1.7424825,-1.7922835,1.2755221,3.817394,-6.9146414,4.7683477,-6.3341365,-3.5853837,-1.6384284,4.065211,2.2648492,1.3602386,3.2727535,4.6290336,4.529147,-2.8765259,1.6814108,-2.0122514,-5.5204945,1.3322192,4.2294836,5.598333,-3.5375762,-2.269583,-1.2753524,1.1550341,5.520066,-1.1100504,-3.8889437,-3.6366253,1.0328848,-9.859146,4.8127847,1.0278715,1.1170173,4.2778807,-5.582791,0.80572283,-6.716145,3.7956898,-2.5085545,0.5137386,3.5740092,-4.1118813,2.097895,6.237533,-5.406056,-1.0950416,-5.5846415,-0.62932223,-0.28901893,4.974055,-0.19846907,2.233801,-2.4517336,4.188976,11.5590925,2.936366,-1.7820216,3.1197267,5.638946,1.4573373,0.41841108,5.1271973,-0.43608573,0.4899487,-12.492936,0.113535926,-1.8395207,0.56222475,4.980079,2.2622595,-3.9066708,5.9977093,2.1028557,-8.452316,4.196415,4.9114766,-0.022036992,-2.6931872,-3.994731,-3.5498066,7.512805,4.502903,2.2494206,-0.23528843
48,3.5691748,1.0121839,-3.2909129,-1.9769701,4.3356586,-7.6568007,-4.8460636,11.590889,1.777498,5.6347427,-3.9022474,-0.34030476,-1.3111913,-4.9131293,-5.7005477,-3.4649487,3.640212,3.3284924,-1.1744527,4.1570582,-0.8184993,-8.489656,-3.0846202,2.2099228,5.958541,7.079229,0.76725155,-8.5187645,1.8528361,-2.1412787,-7.8743076,-0.5045702,-4.500723,8.086238,-6.0208435,-5.5341988,-2.184092,-9.882325,0.9253524,1.2118615,1.5606816,-2.122018,0.51792914,2.8853564,-0.03130645,0.08723376,-7.381825,1.9912695,-7.142632,-7.5716486,-0.74461365,2.2465837,6.358684,2.373626,1.6741949,4.3627453,1.9132836,-3.4173067,-3.3423626,-5.4800825,-0.782406,-0.60419196,0.8741127,0.579073,-5.9862256,-3.261358,1.4091924,-1.9142662,0.8228373,-5.4486365,-0.78169143,3.1589518,4.780439,-10.361596,2.9881566,0.45950848,-1.8199981,-3.9388306,-3.2314777,6.2904034,-5.665513,1.1742398,-5.0718985,3.6923597,3.4867463,-7.553752,9.119367,4.3191185,-4.6726437,-3.74992,-5.851753,-0.56921333,5.290541,-0.8003102,0.7178723,-0.72674304,-8.320084,6.5559754,5.834934,2.4867013,-3.1609683,1.9004749,1.9710747,4.364955,5.1353116,6.0505595,-3.9203773,-6.981928,-8.567476,3.6758804,1.4336308,0.645881,-1.812302,3.2508762,-0.4694005,4.4603124,8.742778,-3.731256,3.0491686,6.7972026,-0.89517975,0.23386744,-3.034572,-1.7627174,7.5572815,6.45647,-2.4713726,-0.62482584
49,5.1707177,7.2033567,-1.6123896,1.5572313,-2.1285293,-4.7117534,-2.5825,8.321948,0.9822474,7.137807,0.1761309,1.3845638,2.131215,-5.1097937,-0.36742368,-0.09202683,-2.5461574,4.7422442,0.29838803,5.1629925,-4.6363144,-0.18734969,-0.3042272,-1.0549619,4.241711,8.59359,-2.4770772,-6.1566625,-0.6886046,-1.1699818,-5.14356,0.91925615,-3.3488767,2.8745182,-5.9985905,-2.845239,-2.433147,-11.93938,-1.9893043,-2.389031,0.8720229,1.5632539,-0.051041767,1.5926569,-1.2761642,3.8557687,-3.5792003,1.4359211,-3.231274,-3.321291,-3.2414908,4.348623,6.415993,3.1347053,0.15592092,3.2794385,0.5639437,-3.138383,0.39586055,-5.437866,-2.083707,2.940184,0.6568341,2.1216042,-8.25638,-0.7761725,-0.18845956,2.0989096,1.9533727,-2.6076393,0.6099863,1.058205,4.3751073,-7.9685464,2.742775,2.3903575,-0.053948075,-2.7624867,-1.8284534,7.04016,-2.7293918,5.854989,-5.6524677,2.4576135,4.7709675,-3.8222935,6.9077196,3.2712364,-1.8672161,-4.8333945,-5.881344,3.395707,2.2701643,1.3928647,3.5929105,0.4406877,-2.856913,3.1990929,7.4593925,6.8825755,-1.9100846,1.9346027,2.4333842,2.1280499,0.9462955,4.8794785,-0.7587453,2.3927772,-10.865947,-1.4524441,0.6964659,0.50356907,-0.2689681,4.323978,-4.350619,4.2511897,5.1369104,-9.556699,3.6273856,6.9395647,3.680581,0.75091815,-3.198854,0.84891176,3.4208066,2.8147469,-3.9970045,-0.7288171
50,0.392094,4.583909,-0.6846874,0.16995649,1.5520825,-4.8532944,-1.3691574,5.1813107,2.4321756,2.9830995,3.91203,2.6965806,1.571602,-5.953523,-1.7784579,-1.1119503,-0.017884452,3.5864727,3.304305,1.6029352,-5.476582,-3.1554675,1.872091,3.4239604,3.1719985,5.7324457,0.6272166,-7.954459,-2.905433,1.1584636,-5.2428207,3.0842748,0.15086322,3.8274362,-0.92706215,-0.7817429,0.17154278,-7.646162,-2.3382328,-0.9390654,1.9528812,-2.5951078,0.90470874,0.3231259,0.51731575,3.1615586,-3.0002933,-1.3033074,-1.5189888,-4.140489,-3.4921954,4.950309,4.114275,3.7319758,-1.2747947,-1.282482,0.23044567,-2.9167297,-2.595632,-0.31008658,-1.7323345,2.962728,1.7898163,1.9255161,-2.903083,-5.4799447,-3.0307286,0.9008603,1.8872182,-1.2813042,-1.7089708,0.6992602,4.2532477,-5.0971055,0.99081093,-1.8496417,-1.8382185,1.1823475,1.44408,6.1843934,-1.6496024,6.215752,-2.9684465,-0.7590609,4.2592835,-5.4120345,3.4042857,5.0993457,-2.1729643,-1.6627803,-6.3743534,0.7442614,-0.12077454,2.5049248,3.352147,1.4547052,-2.4253259,3.595593,5.119058,3.840617,-2.0992632,1.1517717,1.9795084,2.2514944,-1.0030993,3.909348,0.5688242,-0.26483965,-9.83748,0.19731697,1.652811,0.75812817,-0.04531346,2.8597295,-1.2467096,2.2996702,1.9117249,-4.9821625,2.697459,4.002828,0.106553815,1.5561597,-1.277317,-1.034485,1.111382,-0.35194287,-3.501658,-2.2901602
51,2.3937593,3.7502265,0.07123829,-0.6664305,-0.16935228,-3.5719814,-3.8950653,6.805085,2.567044,6.027689,1.3976794,1.889422,0.708431,-3.4451442,-1.4037466,0.8390384,-0.5489752,3.9675224,-0.6559162,2.6159158,-3.7382367,-3.7824843,0.3714933,1.1226531,3.2639933,6.190178,-0.49988627,-7.43809,-0.4324015,0.53983057,-3.864215,1.3203079,0.010511085,3.0502908,-4.4148955,-4.3385606,-3.094305,-8.281557,-2.048952,-0.86382145,0.98417366,-3.2865663,-1.1539603,4.1062164,-1.4973773,3.740927,-2.0726383,-0.5085046,-1.6994414,-4.183398,-3.1940281,4.1368504,4.209382,3.3950338,-1.7722344,-0.8588241,-0.30026454,-2.1580503,-0.72714466,-4.577611,-2.389624,0.2636624,3.303003,-0.6640003,-6.467329,-2.239695,-0.14984071,1.4410657,0.94424075,-1.2596341,1.7263263,1.3408688,3.7139986,-7.074739,2.862086,-0.09546247,-1.1934681,-1.5248551,1.0179348,4.603745,-3.131435,4.873856,-4.6310143,0.42074117,6.112276,-4.1324935,5.629422,4.114986,-2.8497186,-3.7882524,-6.0675993,1.287733,1.0629674,-0.5956514,2.1943016,-0.75693,-2.5418224,3.178043,6.331037,3.8768482,-1.4828949,1.1952263,1.8461541,0.19185188,1.1156008,2.8940837,-0.56532544,1.2695869,-8.742417,-0.22626849,-0.0513497,1.6777952,-1.1506256,2.9059997,-0.88283914,2.6492307,3.7682009,-4.181257,2.233539,3.5676963,-0.060667954,1.229065,-2.6280875,0.447932,3.322206,2.2718537,-4.063361,-0.40493155
52,1.1187667,0.91521573,-1.2437168,-1.3384925,-0.656592,-6.326132,-3.4398284,4.7305856,1.0038378,4.2025213,-2.0861337,-1.4703141,0.6214137,-3.5208158,-1.7623165,-4.0163245,1.0428238,2.877898,1.3252381,2.1078494,-3.4246132,-2.214918,-4.0196657,1.4786776,1.5041487,3.8627353,-2.0989354,-3.0069647,0.6322795,-3.2508404,-4.992963,1.9559,-1.1118299,5.3479834,-3.5638528,-1.7429981,-2.8590536,-7.1858416,-2.1338727,-0.46031713,1.5640832,-1.1376605,-0.6074196,-0.6324919,3.4726045,3.039333,-1.6902,2.7425356,-2.775592,-1.8863574,-2.7331116,3.461093,2.4388425,-1.1829754,1.6678905,2.8616295,0.3132491,-1.7279016,-1.9704828,-2.8594155,-1.018746,0.5068054,2.6793094,4.0499697,-0.77516556,-1.4398735,-0.17854825,-0.50464267,2.6300035,-3.3163464,-0.49105495,-2.1373942,0.4827872,-6.5036054,2.8585732,3.7090073,-1.3029785,0.25134274,-4.3141627,1.2836554,-2.7664173,0.5477876,-3.8397481,2.6106803,4.865151,-1.684771,4.1420174,3.0371175,-3.671616,-1.8015767,-4.8995576,0.4619164,2.6401315,1.1428347,-1.6955546,0.14065845,-0.23702036,2.866251,2.6326663,3.7597535,-2.594942,0.5458294,3.2823198,1.524432,1.4791474,2.53356,-3.066639,0.6601887,-4.7829533,-1.8589796,0.2351584,1.8749664,1.2247591,2.143494,-2.2182882,3.152404,3.2225792,-3.7487369,-0.45721987,2.8597713,0.6006625,-2.168767,-1.1918025,-3.455036,3.6027958,2.6509447,1.1619536,-0.85855067
53,-0.037963524,2.9243174,-1.04988,-1.5939299,3.4589782,-2.6645572,-3.6285665,7.062251,3.5728223,1.2990813,0.43764323,1.7869592,-1.4129399,-2.7321696,-4.4737372,-1.3435123,1.9537398,3.7904487,0.8079208,3.3789048,-4.1431365,-2.7995934,-2.2389228,3.2354066,2.3548388,2.8805308,-0.69881094,-6.5929594,0.14308967,0.53572035,-5.6490536,1.78498,-0.37334552,2.93534,-0.033312693,-0.1058748,0.54271835,-4.5824504,-1.9828644,-1.1900157,0.9679252,0.71674293,-2.4643853,3.9290774,-0.12208767,2.1682525,-3.6892414,3.3809848,-0.56669176,-3.4779744,-3.5852485,1.4122754,2.498581,1.5168389,0.93156785,0.032986045,1.3318676,-1.742465,-2.0272548,-1.0608064,-3.0111523,1.6242709,3.5431604,1.1006691,-2.9780455,-1.8595651,-1.3737271,0.15183309,1.5588082,-1.8508142,-1.63232,0.26647162,3.5447934,-6.581857,1.9119569,-1.5603918,1.3983587,0.73249316,-2.2765164,1.064879,-2.5121062,3.617336,-1.5300077,-1.9173741,2.4028766,-1.6251943,5.3360124,4.286293,-3.1450665,-0.46458724,-5.039216,-1.6669877,0.5015427,1.3901298,1.2499943,2.8291533,-2.4237926,3.384337,4.135484,1.8985171,-2.5159636,1.4991566,3.6902509,3.1224816,0.69254595,2.0155294,-0.52502656,1.9246255,-6.5878973,1.1169327,-1.3220202,1.7222108,-1.1913519,4.811959,1.1642808,3.6141179,2.9549458,-2.59569,4.3950105,3.4790304,-0.86206204,1.1136278,-2.2134218,-1.5547725,2.964936,0.93703026,-3.2816594,-0.11923058
54,2.5668464,4.7168083,-0.9149065,-0.7114808,-0.3842408,-3.6417885,-3.3637254,4.0730643,1.5675344,4.4943047,-1.281135,0.41501805,-0.88767755,-4.1685667,-2.2145677,-1.3163193,-1.0266976,3.6599126,1.178222,3.118117,-6.1117787,-1.9332447,-3.6909187,1.8643379,4.167046,4.3909492,0.9642427,-2.8160849,-0.15112123,-1.2689772,-3.63513,2.0370636,0.2030608,3.3169425,-2.1704378,0.61636496,-2.2143397,-8.565591,-1.7290317,0.29112417,2.5519052,1.5728407,-2.694962,-1.2188203,3.057589,5.0109215,-2.1255243,3.4224105,-3.6323092,-3.2105792,-2.5456512,3.17377,2.788315,1.155148,1.6776317,3.1418874,-0.6506773,-1.6364458,-0.28044584,-2.0101142,-2.1027384,2.2220373,3.6574183,5.6544595,-3.0764422,-0.039662108,0.69324994,1.0206981,3.1966646,-1.9415642,-1.1771746,-1.7643478,-0.016761707,-8.10052,3.7756426,2.291693,-0.56838,1.7652863,-2.5836816,0.55273527,-1.9849885,2.287131,-2.0405698,4.103683,4.797284,-0.4510217,3.239894,2.0838883,-3.32061,-0.09729734,-7.299841,-1.4741018,2.021624,2.2391639,0.024807388,-0.07221228,0.37427944,2.3263936,3.6851642,4.7489533,-3.5451121,1.9675318,3.7107348,3.0347116,-0.20664084,3.0474055,-0.40046248,4.4146996,-5.6526546,0.23821607,-0.9370902,1.3052831,1.989912,2.3209975,-1.1171213,4.0675793,3.385833,-4.5977883,2.0134764,2.7201009,1.5609549,-3.7673674,-2.332019,-4.9893913,2.5528357,2.4926,0.15380596,-1.226191
55,6.0182886,6.847637,-0.98385847,-0.9691305,-1.4832534,-6.263987,-6.857525,12.2845545,2.3643084,11.4426775,-4.0931883,-1.9925029,-0.35035425,-4.9132385,-4.6344047,-1.6795087,0.84745324,5.890551,-0.9485377,7.513944,-4.7985816,-6.362551,-4.3765774,-1.1165398,6.6009727,8.442086,-1.3249344,-5.88654,1.5965308,-3.3904028,-5.199894,2.0391092,-3.7104228,6.288365,-8.975793,-6.2875624,-6.782505,-16.473974,-1.4314938,-0.7405376,3.0341327,-0.17933743,-2.173485,1.75862,0.70850044,5.1883054,-6.1223283,3.2288837,-5.435605,-6.0498557,-2.6168866,5.895849,7.747191,3.7740548,2.862926,5.140744,1.7396944,-1.8111434,-0.44879428,-7.199278,0.019526444,0.676471,3.6365771,2.6134763,-8.084578,-1.3591608,2.267897,0.7177547,5.1710258,-4.898975,0.19263183,0.5543917,1.5023583,-14.694505,4.428937,4.532173,-0.24578658,-1.5081158,-4.0937037,5.703233,-5.1476107,3.0655138,-4.71484,6.605239,5.773032,-3.424513,10.113447,6.1244187,-3.411156,-4.1623073,-10.447961,0.9800391,6.515336,2.4114087,1.1164076,-1.8693268,-3.5638833,6.5120983,7.8886514,8.06823,-3.612708,2.2399268,3.650559,1.8460834,1.1748624,5.744815,-3.322567,1.1931151,-13.336403,-0.8370877,0.24670471,3.6290526,0.12628134,4.0308356,-3.5376158,7.035127,8.69325,-9.329112,4.895678,6.8242273,2.7781181,-3.4613848,-2.9591045,-2.7491522,6.8615885,6.4419246,-2.9268658,-1.0496554
56,1.4683629,3.8753347,-2.0141242,0.28985205,1.0982255,-5.0218906,-1.4666834,2.355003,1.3515598,2.2977855,-1.4872262,1.6566099,1.818467,-4.1311445,-2.4452827,-5.5476303,1.9894131,4.31186,4.2141013,4.4603815,-3.6932561,-2.1534877,-2.91648,-0.05875389,3.1019917,6.3335223,-3.220794,-5.1622057,-2.1429272,-3.5727825,-6.415867,2.1920617,-2.640471,5.201155,0.9869499,2.148714,-0.3791089,-5.90953,-4.7968464,-1.0842668,1.0675863,-0.18671572,-0.95350057,-1.9086366,1.5114639,4.988448,-4.008309,3.3148646,-3.1666453,-2.406207,-3.8135831,4.851595,1.837332,-1.154086,1.7191724,3.7910125,1.1992335,-3.1731648,-1.1155163,0.7612726,-2.5486052,1.1054529,1.5663881,4.0732155,1.0375183,-3.0468085,-1.362915,-1.8760134,3.442476,-2.0097191,-4.6944246,-2.087284,4.2642784,-3.982834,0.92598283,0.6240911,1.8952862,1.6651269,-4.453191,-0.28960454,-1.6582359,2.6729352,-0.985179,-0.42958963,2.6689765,-1.9117182,3.4756582,4.707009,-0.092475824,-0.70380825,-3.4393215,-1.040918,-0.26143754,2.8141134,0.8555063,1.7239146,-0.8418164,1.2542124,3.9552693,4.037789,-2.673853,-0.39934146,4.3098726,3.3117592,1.6347983,2.0731342,-1.4781747,0.6173472,-5.879159,-0.9558944,2.0173714,1.3160932,4.708995,3.0683973,-4.1090536,3.0772057,2.2807045,-6.2410297,2.4111395,4.397122,0.20392454,-2.143324,-1.3645679,-4.331912,1.5188491,0.11187802,0.41848665,-1.6083158
57,3.0093815,8.966133,-0.42070416,4.422686,6.117173,-6.0415173,0.34729058,8.002209,1.8238008,4.623429,1.9722567,3.651265,-2.4807134,-8.25281,-5.38066,-1.4978586,-0.8582208,4.2862706,8.207966,4.8060913,-10.304841,-3.5171402,2.4125116,3.450482,6.4719725,9.263077,-0.40557125,-10.107266,-4.9624724,1.3429707,-8.541424,3.738563,-4.415448,6.8121266,-0.73372257,-0.6502616,2.1779532,-12.870528,-4.651777,-2.0756648,-1.2835089,0.54489154,0.31850982,0.06944162,-3.7019236,4.6595793,-7.6663046,2.414465,-4.5916986,-9.141474,-4.6940103,5.167049,4.7024956,7.0674825,-3.0519993,0.765792,2.6607645,-6.3158755,0.4834254,-3.300541,-6.570737,4.4417677,-1.5409696,4.2736597,-6.565327,-5.4282155,-4.089529,2.685606,1.1346858,-0.27660662,-5.1058326,0.022213511,10.441694,-5.9999495,2.1752274,-5.5964227,-4.278727,-1.6471255,-1.456597,8.760575,-1.9550824,10.954317,-4.033931,-0.79914635,10.307371,-7.5678067,7.977933,11.272981,-3.6956484,-9.349082,-7.3081017,1.5301982,3.6265578,1.7289556,5.544543,1.6185505,-3.5701318,4.0802946,11.0044775,4.204195,-2.5330262,1.6674261,7.8620944,3.487738,1.588486,5.161244,-1.5098149,-3.3623016,-13.791341,0.6586782,1.1697993,0.72605187,3.3079464,7.415224,-4.306906,2.1527858,2.0467248,-10.212641,5.686128,8.566933,-0.23434052,1.5640414,-3.1087556,1.2408766,6.2268867,1.2226024,-3.9256608,-1.1577401
58,2.9428396,3.8937798,-0.11744225,2.4866598,-0.3068457,-3.5430224,-2.1985524,3.8484244,-0.015579707,5.606033,-1.153941,2.0226862,0.12148769,-3.3433228,-0.43538594,-0.17606881,-1.7448151,3.8753555,1.4927084,2.1006722,-5.276674,-2.6475897,1.2215871,-0.49825296,4.609696,4.9580965,0.22834384,-1.4710985,-1.4073229,-0.32942036,-1.9681985,1.5173032,-0.6221558,1.535824,-4.9506826,-4.2204127,-1.783013,-9.821854,0.15412305,0.20057471,0.07294948,-1.4994304,-0.63069713,-1.7522936,1.2645681,2.6438935,-1.8434137,1.2106959,-4.6244984,-4.55393,-0.7625359,4.11066,4.0136504,1.5507641,0.6410339,2.7832747,0.10738745,-1.9655769,-0.7346433,-2.09044,-0.32514715,2.6036148,1.2353764,2.9275808,-4.6027646,-1.3363333,1.294032,2.7413182,0.41730607,-1.0842794,0.40339357,1.8713032,1.6147647,-4.8392577,2.971494,-0.15524472,-2.5442653,-2.1836188,-0.911553,4.2119064,-1.0603721,2.8079777,-2.6860657,4.646857,5.596262,-4.4760394,4.805797,2.1356888,-2.6298163,-2.9391034,-4.9008737,-0.34779426,2.6022935,0.16513732,1.6172061,-1.2732768,-1.8366638,1.8917778,3.5462403,3.2361765,-0.76447004,1.4845425,1.7007861,2.2011101,0.9633864,3.3004143,-1.388703,-0.73316485,-4.9352117,-0.5300026,2.5659919,0.29513353,-0.3133528,0.37803558,-1.8670771,2.7547202,2.9783618,-3.929052,1.7285199,4.1493726,0.9202942,-1.7472811,-1.9424704,-2.591737,3.010331,2.854213,-0.38790792,0.44249362
59,3.6400397,2.1066384,-1.0775028,0.69709396,1.3752705,-5.5416775,-3.162102,5.0280967,0.38659,6.241051,-2.851051,0.65985346,-2.151759,-3.8185508,-1.0029151,-3.081855,-0.57133704,4.1521063,1.985604,1.2951826,-6.511715,-1.6275214,-4.1490765,-1.1512281,4.0469384,5.5481105,1.1441976,-4.0956354,2.0429955,-3.522865,-2.100501,1.8630471,-2.8628597,5.7088284,-4.4035215,-0.71048534,-1.8691614,-5.4230857,-3.420016,3.8341725,4.094715,-0.24569592,0.21619022,0.5302655,1.3608199,5.600946,-2.2602386,5.5367575,-4.3382707,-3.3851616,-2.9945202,8.030624,4.8069806,2.8314836,0.22821707,3.4219985,-0.7494848,-3.3038046,-0.33659363,-1.7655349,0.88968825,-0.24474557,3.0058613,5.4787965,-2.2140458,0.45478088,-0.5454063,0.681505,1.8144097,-0.44356057,-1.5696245,-1.6507806,0.46190342,-5.0569696,2.3257105,0.4205619,-1.5790111,-1.2142615,-3.5463457,1.8548404,-1.7294959,0.565661,-2.3193479,6.4567065,5.1243124,0.7879216,6.74609,2.858066,-3.267481,-2.9573472,-4.832521,-1.3102167,2.952699,-2.583437,1.1213632,-0.724391,0.3382874,2.9069755,2.5404012,2.286431,-3.130259,-0.38182518,3.5767145,1.9152545,2.040119,1.5601231,-3.435993,-0.31610075,-3.9064586,0.20974107,2.0300114,1.0203307,1.6028785,4.9511347,-4.4302287,3.049371,3.703053,-4.306495,2.1564558,2.3723116,2.4301455,-3.8975558,-3.5315838,-5.07551,0.87384015,4.541303,-1.4917457,-1.3310472
60,2.3945992,1.2345372,-0.6616276,-0.40406904,0.010629734,-5.826085,-3.6596565,6.4637284,1.3640901,7.0466933,-2.5081284,0.51762235,-1.1796632,-2.9994757,-2.3389316,-4.475185,0.9139807,3.6053848,0.37654084,4.048736,-0.90264106,-6.608361,-2.815108,1.0876771,3.794519,5.518075,-2.39002,-4.9744043,1.5020541,-3.4813368,-6.168281,1.5537937,-2.1041238,5.587263,-5.1748753,-4.137856,-3.7583559,-8.134421,0.22169648,0.18240404,0.28889036,-2.9855878,-0.3723166,1.4260147,1.0952204,3.53653,-4.754804,2.1645968,-5.0102787,-5.240601,-2.9251647,3.3034232,4.125262,-0.3861853,0.8007084,4.6872096,-0.35353553,-2.3806653,-2.2604928,-3.5302222,0.7172389,-1.1397845,0.7842941,1.9690248,-2.244594,-1.9057606,0.6910435,-1.3573226,2.4092598,-5.3740034,-0.12626064,1.5087188,2.9469266,-9.364289,2.397317,3.076152,-0.11794975,-2.830849,-5.0774345,2.4360301,-3.6449003,2.2311811,-3.8703988,4.2862954,4.408437,-3.334676,8.607364,3.4454193,-2.5595937,-1.0047836,-5.7237973,-0.11376761,5.59549,-0.6337457,0.8964515,-1.3906155,-4.942528,3.3391294,1.8865134,5.0802336,-2.7917867,0.34151152,3.2693496,2.6122103,2.5495727,3.7591972,-2.8294637,-2.4474547,-7.0901794,-0.17743134,3.4720402,1.8543005,0.9149909,2.1898649,-1.1131104,2.9144983,6.761536,-4.8008466,2.3822923,4.0312543,0.3411781,-0.56510377,-0.94108003,-3.213858,5.0184536,3.525784,-2.3325396,-2.1255243
61,-0.15931594,2.2562444,-0.50490934,0.35046607,0.10905351,-4.0760565,-2.0829089,2.7350376,0.8081278,3.2840323,-1.2859476,0.08505059,-1.4060653,-1.8370469,-0.6859192,-2.2272694,0.3241121,2.8286479,2.3630538,2.505901,-4.088203,-3.3159606,-2.5293715,-0.5485331,2.7564569,4.3892674,-2.3890748,-1.2139218,0.29714617,-1.058602,-2.9710636,1.1722721,-1.2273531,3.6974273,-0.61123824,-1.0798972,-0.22734018,-5.8699207,-1.7872075,0.20511484,0.4112046,0.27424484,-1.2213961,-0.0703928,2.6015139,4.1211457,-1.9933081,2.610138,-2.8241045,-2.7559457,-2.4959898,4.2540126,1.4211291,1.1279302,0.59442544,2.375172,0.32623467,-1.6623396,-2.2680764,-1.3677976,-0.5257463,0.8977536,2.448924,3.2295456,0.40557173,-1.8754967,-0.6035122,-0.012447339,0.8037786,-1.5476635,-1.540409,-1.5175602,0.8589751,-3.4415598,0.09907297,0.35524693,-1.1525496,-0.9112477,-3.139631,1.1674627,-1.0509605,1.2611775,-1.0455929,1.7890043,4.431973,0.17268385,4.054223,3.8250525,-1.0554171,-1.4710603,-4.5999804,-1.1767472,3.3317246,0.73558533,1.2815087,-1.110256,1.3196313,0.99129534,2.1519158,3.013443,-2.1998386,0.55900264,3.7876358,1.5108622,1.4840465,0.6145149,-2.070763,1.0652094,-2.7583349,-1.656,1.4090227,1.6741818,1.4595569,2.2727816,-2.4155471,2.0813725,2.687528,-3.6083627,1.565505,2.1259155,-0.26234376,-2.7094915,-1.9036828,-3.5862367,0.57964677,1.5204718,-0.016676314,-0.7493572
62,1.587264,7.7192063,-2.6756685,0.598892,3.0328894,-7.3291445,-1.7017294,7.0139427,2.8525164,4.7782674,3.7442791,4.72531,0.16055788,-7.67478,-3.6478775,-0.1682517,-1.8675252,7.4615564,6.881573,6.983112,-9.276281,-2.601157,3.7704358,2.6688213,4.845433,11.941098,1.211846,-11.590882,-4.5069113,3.358091,-7.533356,3.4833245,-2.2821915,6.210605,-0.7542943,-3.245978,4.026924,-13.244708,-5.326084,-1.2269529,-1.7557328,-0.11418261,-0.5099602,1.7860518,-0.35412437,6.087911,-5.444525,-0.59504324,-2.5830235,-8.171898,-5.148036,7.3309307,5.6425557,7.3554654,-2.0299318,-0.784844,0.77367944,-4.1336274,-0.7926658,-4.4453387,-5.1773148,6.5481825,1.0461731,2.5921836,-8.254583,-6.285162,-4.704766,1.1564953,0.45048866,-2.9667914,-3.7219074,0.76129997,9.436794,-6.8047338,3.8118958,-3.1884623,-3.1172705,-2.5620189,1.236361,8.488666,0.9764184,10.9958725,-3.5657587,-1.897921,10.800834,-5.9173937,8.927076,9.312523,-4.177384,-8.6359,-13.513309,0.31926918,3.6013014,0.84142506,2.9669926,3.2311866,-2.492452,3.1979077,10.270787,6.550707,-3.0926428,1.146392,5.716555,6.242929,1.920884,5.376597,1.6031936,-0.7625222,-12.388757,-1.5551137,0.9279327,1.3683633,1.0688766,6.0710516,-1.9424781,4.824549,-0.028827675,-9.291364,2.9916768,9.382344,0.074594416,5.413632,-5.093874,-0.32575953,6.602805,0.8859589,-6.510907,-0.6854665
63,5.8538203,5.203932,-2.908925,-2.6766446,0.8024511,-5.5174866,-7.5157475,7.200902,1.0991404,3.4863913,-6.1641994,1.4289361,2.7750885,-8.033058,-6.1204596,-7.4775305,2.1115205,6.495416,2.1877446,7.00509,-4.5544353,-0.4713947,-5.5118675,2.0283682,2.6067045,7.0444946,-3.2693193,-9.384015,0.06311922,-6.638957,-8.539703,1.7894511,-5.3960695,7.290917,-3.7157874,2.2756686,-2.464927,-10.780106,-3.1196756,-2.3389506,2.6341674,3.5715592,-1.6334183,-1.963615,1.9125823,8.585817,-5.6345816,6.7397513,-4.668554,-1.5994157,-4.493047,6.189928,4.4780936,-1.522281,3.7228606,6.1192403,5.467644,-4.7568307,3.381102,-2.501859,-4.3093047,2.5290926,3.1079907,6.2139916,-4.1754966,0.2840937,-0.017423343,2.7973125,6.6852703,-4.6257443,-4.312009,-4.806844,1.8352149,-8.044511,5.389641,3.1710515,3.4598103,1.0092413,-7.5202794,1.13898,-3.6614778,4.0662327,-3.7017925,1.1314738,3.1899679,-0.6210013,5.211116,5.47618,-6.4025555,-5.466547,-6.970499,2.1900191,-0.5728195,4.736321,-1.0629629,4.3047366,-1.7240944,2.7359812,9.2873,5.6585903,-3.9657369,-0.35995337,5.550731,4.969659,4.0675263,5.62845,-0.5355856,4.3319287,-11.521443,-2.9655132,-2.6044424,0.6077277,5.372228,4.334006,-3.575159,7.169548,2.160632,-7.7184706,3.9345937,4.9928455,0.658106,-0.81152236,-4.394476,-2.983229,4.7271366,3.6312385,-1.356507,-2.6725788
64,2.521574,5.806728,-0.8343257,1.161543,1.9324275,-4.5666246,0.030022727,4.2202735,0.92259014,2.7622395,1.7084538,2.9262075,2.989131,-5.8702483,-3.4426973,-3.6359632,0.1453274,3.990903,4.37577,3.4383547,-4.8132052,-1.5605541,0.6136086,2.2409544,3.173057,6.387371,-2.2281952,-8.977337,-3.9751713,-0.22889975,-8.776228,3.709005,-2.6038141,3.9809418,-0.32381237,-1.4098425,0.40093303,-8.700221,-4.558367,-2.7962215,-0.53739446,-2.448747,-0.6997538,-1.0097209,-1.3460232,4.256706,-5.4573812,0.5476072,-2.356329,-3.9789197,-4.2607555,3.6449134,2.3482077,1.7017953,-0.6388177,1.5675629,1.4231554,-3.418898,-0.6924159,-1.5556793,-5.6542635,3.3302913,-0.55612516,1.0262679,-3.1736712,-4.6343727,-1.7991714,0.049179297,3.32634,-2.9904819,-3.0879037,0.14910205,7.030617,-6.386458,2.2562246,-1.7844445,1.2345563,0.9549074,-1.4503026,4.41471,-3.0092545,6.380988,-4.0044975,-2.7333465,4.8563094,-4.8837447,4.3303614,6.5919304,-2.726632,-2.8645658,-5.024754,1.5480218,0.3742485,2.4686224,1.8753291,4.018891,-4.4759517,2.080935,7.631006,4.6252303,-0.8953146,1.6659683,4.1924973,3.6712646,0.532947,3.3325677,0.28743774,-1.5992012,-10.758735,-0.19421043,-0.1483417,0.68674535,1.8758649,3.1995995,-3.0691724,3.6829836,1.3448831,-9.2268095,3.3619876,7.0616846,1.6745993,3.304684,-1.7350699,-0.058073644,4.43579,-0.13727057,-2.7632911,0.2133252
65,2.1115603,-0.07777464,-1.8414032,1.1985601,1.1979355,-8.904011,-3.232526,9.594287,2.3979099,6.175475,-3.1958404,-0.19652224,-2.4156337,-3.845457,-1.9201788,-3.0432796,1.4761419,4.9152007,2.421718,7.2235203,-0.2303152,-4.4328537,-0.8171636,-0.61805403,4.6164656,7.412956,-1.7947565,-3.6407058,0.5155293,-3.519435,-4.3794665,0.89486325,-6.1916366,7.41594,-8.7966585,-4.854659,-0.8801279,-7.9298496,0.52445734,0.94741,0.9750629,-0.32737625,0.940375,1.4489894,2.555079,3.146069,-5.9764104,3.2309806,-4.5948014,-6.112908,-2.539231,5.884467,7.7008133,3.1020324,1.8458308,3.155892,-0.025590867,-4.2212377,-3.484693,-4.7042723,3.09283,0.47938722,0.53525734,1.3969687,-6.146306,-3.5519571,-0.66457593,-0.039981287,-0.320272,-4.4467225,-2.2271423,2.5972,5.4414263,-6.551066,1.6070635,3.3492785,-2.6314323,-4.7801557,-4.771698,5.096806,-1.0835783,1.0548913,-3.966311,5.5732827,4.2933836,-3.9040816,10.666275,4.9334693,-2.8684814,-3.6538353,-5.304579,-1.4121131,7.102294,-1.9497033,0.5162801,0.29633564,-4.0462456,4.316799,1.7993743,4.615729,-2.962121,-0.5186321,2.664638,3.571927,6.653834,4.599016,-3.2339516,-5.4527855,-5.964231,-0.56919414,4.4993987,2.6200936,-0.41760874,6.361814,-2.757158,4.2835426,6.697747,-4.9920053,0.34138206,5.462906,-0.35367504,-1.2009172,-2.7065482,-3.8897333,7.096556,5.226357,-2.3627267,-2.6477215
66,0.9907506,2.054948,-1.3028862,-0.5774023,0.79101616,-4.5182557,-2.117491,5.838744,2.2596586,2.947346,0.204575,0.24665639,-0.73609316,-3.7812352,-3.8001952,-1.616248,1.8778213,3.8932946,-0.19809173,2.8859868,-2.244179,-2.3247833,-3.6070867,2.5442908,1.9029387,2.3058655,-1.078001,-3.741024,-0.10560713,-1.8358767,-4.364044,3.2747984,-0.3499305,3.725702,-3.0133474,-0.31685618,-0.93461233,-3.6865788,-1.4973902,-1.3336096,2.811742,0.33708623,-1.7931093,1.5797098,1.9436527,2.4168928,-2.9678903,3.627808,-1.3980496,-2.0696723,-2.4465535,1.2777994,3.7235844,0.9939135,1.9091415,1.392839,0.27370226,-2.5066476,-2.7817528,-0.8654103,-1.203427,1.1682535,2.8310227,2.51373,-2.4795182,-2.5474029,-1.0192895,1.5567902,2.0738957,-2.3829167,-0.9844784,0.25666213,2.0487351,-6.7840605,0.37920314,1.0818805,-0.080535635,1.9257126,-2.8968399,0.3329773,-4.3229733,0.20553337,-2.7982426,1.0056146,1.1374993,-1.6104641,4.723877,1.9874531,-3.1525114,1.7279562,-2.6853418,-1.9658883,0.6564067,2.4122596,1.6579845,2.0561128,-1.9650394,2.577086,2.9339993,2.4359257,-2.403912,1.9868175,2.8134317,1.430812,0.97380644,1.4839436,-2.2412245,1.5581007,-5.6322055,0.7758555,0.15279312,2.083496,-0.71039355,4.334023,-1.5422329,3.8559237,3.0692718,-3.1899698,2.5817242,1.728964,0.08218942,-2.2840838,-1.3674161,-3.3428533,2.5279684,2.2312965,-0.86338496,-1.9991703
67,2.7631588,3.4508305,1.3057364,1.8047392,0.7633487,-4.647987,-1.2260015,4.0456524,0.899429,2.6260054,0.40855902,1.9306011,1.0004163,-5.5574393,-2.9109223,-4.67643,0.3790564,4.771322,3.0088558,4.7719593,-4.2702107,-0.92966,-1.0511506,1.237551,3.9360657,4.833122,-3.1383884,-4.8777957,-3.0657432,-2.8044655,-5.942813,5.3785634,-0.84038216,4.693768,-3.2728841,1.2369183,-1.3716105,-6.4569426,-2.509648,-2.0679471,-0.11826041,-1.269587,-0.45773596,-3.0023525,-0.059225556,5.128831,-4.340481,2.377779,-4.1865087,-2.309517,-3.8759744,4.364125,4.7210107,-1.3833873,0.3742892,1.7723992,0.5447056,-5.206847,0.75483406,0.03506958,-1.5850706,2.1268098,1.3713392,2.87882,-1.9137874,-2.5152614,0.66813105,1.6099468,3.6180625,-1.6748054,-2.6805675,-0.6400178,5.209058,-4.569016,1.041626,0.07600573,0.11925589,0.51401967,-3.152247,0.8371341,-3.4265049,3.021821,-4.1583,-0.8538146,3.5107021,-4.0608597,2.844876,4.4220257,-3.8542657,-0.57493746,-2.600137,-0.2678135,-1.7389818,2.8447626,1.7203138,3.6090808,-3.9297962,0.23248428,3.8049128,3.769749,-0.9011228,-0.0028768405,2.5656126,1.8855412,2.378226,3.5419383,-1.5556526,-0.64646286,-7.9942837,-1.0555158,1.5264828,0.90097463,3.1459641,2.9981914,-3.8384316,3.8438883,1.8259485,-6.029962,2.2020562,3.4822347,-0.70735586,-2.6357827,-0.25361943,-3.6534548,3.4131982,0.7006904,-1.0577514,-2.398274
68,1.9955395,3.389642,-1.3260409,0.4282277,1.2374011,-4.4462457,-1.7360176,2.720934,3.3324404,5.018954,0.9130442,2.5007157,0.341614,-6.504802,0.70629454,0.08124967,-2.6223283,4.5758424,1.8632797,0.94797,-5.937466,-2.8592007,-3.5507357,5.3254232,3.5449977,7.613588,1.5755574,-6.031678,-0.6848681,-0.3051011,-6.0451303,4.394096,3.02338,4.6085677,-3.184337,1.2760016,-0.48617718,-5.267724,-4.737908,2.2410526,4.951884,-0.9807624,-0.8108991,-2.5621493,1.9214345,6.630427,-0.9118029,2.7970717,-5.320096,-3.4689157,-4.682397,3.0893793,3.1030304,2.7424724,-0.8532574,0.08156881,-1.3646511,-4.4458075,-0.44850615,-1.6785321,-3.61077,2.357063,4.8600516,4.7679095,-4.525206,-0.7884321,2.2771482,2.641378,3.3784423,0.43933764,0.35293686,0.89171386,2.3876631,-5.134138,1.0339897,-2.0777223,-2.6026092,1.3029015,-0.4968547,2.9541867,-4.5458326,3.258668,-3.9710004,2.313481,5.387474,-1.8192409,3.787412,2.822792,-4.6672387,-0.18044032,-6.332334,-2.306018,1.940631,2.1783013,4.0996127,1.0669897,-2.3479133,2.1894996,5.208282,3.0603893,-2.8408175,4.0639405,4.416646,1.5013039,1.5057992,4.3602953,-1.0493605,3.7276356,-8.936012,3.1131635,-0.8835011,0.14023872,1.5135825,3.0807219,-1.4772038,3.095237,4.921007,-4.529047,3.778954,0.84976333,0.4884814,-3.7751393,-1.3167212,-6.2252674,-0.6739584,3.049112,-3.9960856,-3.8049645
69,0.7768834,2.431301,-0.7573909,0.86803126,1.5789564,-4.630098,-2.902604,1.6819588,2.1516423,3.5679455,0.86447006,1.207241,-0.08088383,-5.3754115,-0.9145199,-2.1641955,0.18813458,2.9646854,4.251447,1.2080113,-4.9197593,-3.622786,-1.1531315,4.5807962,3.5425634,5.7893105,-0.73359114,-4.6148624,-2.3691187,-0.8238804,-6.305985,3.9134405,0.14702362,6.1963644,-1.406121,1.8373741,0.83661956,-6.5661106,-2.0525494,0.7702474,1.4021336,-2.006447,-1.3156121,-4.4228053,1.3327281,7.5317216,-2.6559587,2.3504992,-5.9833736,-5.0963893,-4.668769,1.9203763,2.356268,0.049693923,0.38794008,1.4301423,-1.0601956,-5.3340697,-0.84219,0.87869763,-3.946075,2.8263063,4.3112154,5.3832803,-2.3712046,-1.5350413,1.3667142,1.8768393,3.8337169,-0.47065964,-1.5617546,-2.5072992,2.2719488,-3.5116441,0.40976572,-0.7697255,-3.4149952,0.8746137,-2.415332,2.5191076,-2.4452446,4.1333237,-4.0161495,1.7056916,5.7672324,-2.4294863,3.5898685,5.1468587,-3.9943376,-1.5815043,-5.6996546,-1.1187413,1.9248816,2.1232812,2.0690951,0.9472208,-1.2186745,1.0144385,5.1030364,3.2542593,-2.994956,1.2563026,4.89247,2.460158,2.6031268,4.6566424,-1.6598407,0.76641625,-6.557958,1.8034642,-0.7120337,2.4434414,3.1645317,2.066806,-1.4364531,2.393108,2.9137979,-4.5908904,3.6844063,2.0175257,0.61374325,-3.3732152,-1.6994866,-5.4192033,1.3284276,1.222031,-0.48639232,-2.4319923
70,-0.49703935,1.2143601,0.42635885,1.5347087,1.9176104,-4.374782,1.1597251,4.421045,-0.22426248,3.834812,2.5606863,1.237805,-0.71746457,-5.899219,-2.4015613,-1.5993655,1.0210292,4.8448715,4.513187,3.8343492,-4.3244185,-1.7530078,-0.09168318,2.1408854,4.7962246,6.467575,0.54348856,-5.9070272,-1.3219942,1.4923817,-3.7683134,4.8939576,-0.7239769,5.096165,-3.6117542,0.5166819,1.2778244,-3.2189147,-1.5908036,0.41523618,-0.062007505,-2.908815,0.077776074,1.5791314,1.447607,2.1158438,-2.280616,1.3732477,-1.1401534,-4.420257,-4.4981036,3.4115438,4.301655,2.258737,-1.3512177,-0.5774373,-2.5018437,-4.6709538,-0.6221115,-2.1346412,-0.37118798,2.6823149,1.0653845,2.8314807,-2.664206,-4.0146623,-1.9622378,0.84865296,2.1254156,0.31293455,-3.6611934,1.348194,6.515902,-6.6697793,-0.05924672,-0.29978874,-1.8177664,-1.1106101,-0.47831377,4.8236723,-1.967084,2.6197262,-4.1408186,-0.45396906,3.4295197,-3.258366,3.1291304,2.9599261,-5.172783,-0.15732089,-3.365698,-0.17374516,0.85720617,3.5384326,4.7660985,2.7151194,-2.6114318,1.6181815,2.524483,2.7928345,-3.507471,-1.519007,3.9808502,3.5595005,1.8058479,3.065661,-4.521592,-1.475186,-5.6872463,0.8218087,-0.46046215,0.7869084,1.9798058,6.3518095,-3.5937576,-0.12779173,3.5702634,-2.6377938,1.4026068,2.2486217,-1.1711861,-2.9458227,-1.8936027,-3.5823393,2.4108894,1.0016125,-2.3639553,-1.8335238
71,2.704926,2.671509,-1.7565727,-1.0500959,0.32548538,-4.7460976,-3.3690305,2.5572689,1.0985183,4.983726,-0.14074753,0.28273878,-3.1711802,-5.028208,-1.0861229,-2.0193985,0.32046822,4.6327324,3.589403,3.366213,-5.254247,-3.3971474,-4.66467,2.5923834,1.6582822,7.619162,0.40085778,-4.6545005,1.9722768,-2.3194106,-5.373712,2.829308,1.510927,6.958122,-2.2466247,1.1572361,0.09788847,-6.4404144,-2.9950857,1.794725,1.4610598,-1.5776572,-3.4434073,-1.856154,2.6511724,6.6053944,-1.244548,2.7819686,-5.983386,-3.7263968,-3.8208358,1.890552,3.230725,2.7385159,0.6909524,2.7378714,-3.7351835,-3.4442236,-0.11227141,-2.1843603,-3.152283,0.8124218,4.270047,6.8761897,-3.17225,-0.2189269,2.5344574,0.74019396,3.788583,-0.75642097,0.28324986,-1.1960949,2.8494678,-8.518201,0.349077,1.5778425,-2.111766,0.39598507,-2.8859587,-0.25197926,-3.2157798,1.8175479,-2.8630025,3.0283172,5.0180044,-0.10368188,5.6781354,0.47043675,-4.3541284,-1.6012697,-6.7707233,-2.199697,3.210612,1.7228355,-0.3082657,-1.0696168,0.0766027,2.0163417,6.5817604,2.8269,-4.280192,0.30906832,5.2825575,1.4830271,5.3248005,4.241375,-0.5976769,2.6396804,-4.359874,2.4989052,-0.26406398,2.0314314,3.7345703,2.8636768,-1.79069,2.1436603,3.9788215,-4.304349,1.1147914,0.733162,1.641846,-3.2698622,-4.3201294,-5.812451,3.6652944,4.3676515,-0.08202643,-1.9315461
72,5.0837393,6.0962768,-1.703385,2.9639122,-0.7591524,-5.29541,-1.4320211,4.894325,0.39613256,6.0817366,1.2791499,2.6704235,2.4399877,-8.428519,-0.33742264,0.54665995,-3.7230701,5.4274373,0.8407543,4.2323313,-6.5831504,0.44144636,-0.30103245,4.4309855,3.744841,7.2788777,0.48818043,-7.2867856,-2.7926528,-0.6865301,-6.0722003,4.081799,0.16104306,2.9821353,-6.3162127,-1.1711199,0.119326346,-10.549843,-3.4375706,-1.0011605,2.2891607,0.26238027,-0.3230864,-3.3921845,-0.8744887,4.120865,-1.7084554,1.628062,-3.83255,-3.1586378,-3.7379115,2.8345325,6.1782365,3.203086,-0.10214868,0.34054554,-0.42111382,-5.2792177,0.22040905,-2.8080444,-3.597385,5.8387628,2.3149116,4.537172,-8.705085,-1.9436513,2.6891143,5.0868473,3.1821368,-1.7483627,0.99455833,1.9490193,4.1956744,-6.939915,1.4939066,0.3484143,-2.9529374,-0.5325518,-1.0210116,7.4237723,-4.619946,6.0636387,-7.00279,2.505404,5.723587,-4.9202404,5.334682,1.241452,-5.2363186,-3.4276507,-6.3428826,1.8682394,0.170007,3.3394842,4.329792,2.04747,-5.271588,3.7089887,7.8784566,4.3404803,-2.9688597,5.193863,2.4961653,2.717728,1.6031218,5.9481616,0.721239,2.2108266,-11.242107,0.7901869,-1.0790938,-0.20346542,0.9994087,2.588627,-2.9290104,3.4250414,3.6372595,-8.813135,2.7786539,4.983696,3.9078698,-0.3558959,-1.4093848,-2.657602,3.2009113,3.1274912,-4.3169475,-2.468787
73,2.343436,0.97855866,0.55158526,2.829915,0.9286103,-4.6976943,-1.1853633,5.15305,2.2755458,4.5397286,1.0101705,1.6412276,-0.34022713,-4.7782936,-1.5520173,-1.03478,-0.5325365,4.278917,0.8171319,2.7512496,-2.4085393,-2.36432,0.050257817,4.024526,3.8976676,3.9663873,0.64202446,-5.8225913,-1.22551,1.7638335,-4.255344,4.233054,0.214385,4.2564754,-7.1972733,-1.6850007,0.03297955,-4.110868,-0.4708531,1.1784451,3.447248,-0.85842586,0.027168399,0.44779804,0.7298421,3.9248908,-2.8199422,1.9067328,-3.5872524,-5.396207,-2.841939,3.1138473,4.4794683,2.4166548,-1.3890245,-1.5139256,-1.7034423,-5.503639,-0.8656615,-3.4780445,0.570627,0.704755,3.186357,1.2526503,-5.5763574,-2.5028086,1.411201,2.504414,1.2938211,-1.9190714,-1.3947939,3.6618884,4.835018,-4.219345,0.75114375,-1.157762,-2.779293,-1.3379601,-0.074689284,4.9582634,-4.1505733,3.1113563,-5.0545187,3.5135908,5.236968,-3.1489673,6.4559116,3.0519187,-3.8585567,-1.2001805,-3.19863,-0.09319128,2.692697,0.7153441,3.0164857,0.8642429,-3.5901535,2.1608925,2.6235237,2.6667707,-2.3465714,2.2381728,2.9997177,1.2904392,1.8763835,3.7695193,-1.9206583,0.32282975,-6.7557373,2.1849055,0.8322481,0.5791847,-1.2977809,4.41552,-1.8746134,2.783455,5.05409,-1.7687187,2.8799233,2.020164,1.0336541,-1.8490407,-1.1456039,-3.9840364,2.1550515,3.1100626,-3.9950018,-2.6035943
74,1.2729166,1.7681085,-3.5371997,-3.2212272,0.51003265,-6.337529,-4.500834,5.4014163,2.3529103,5.030068,-2.4370284,-1.2034717,-0.6703025,-4.4486804,-4.6928105,-3.2614918,2.3885727,4.934096,0.4722814,6.091756,-2.8093166,-4.3337007,-2.8088896,-0.88654864,3.3258023,6.003607,2.6147199,-7.475323,1.8334421,-2.564995,-0.997491,1.1284108,-3.3997824,8.068521,-4.2497363,-1.7032211,-0.1788834,-4.668061,-2.6337094,1.1371317,3.8972208,-2.3406239,0.36494428,3.1343422,1.8852235,4.097188,-2.7824905,1.0791215,-1.482662,-4.407504,-3.009035,4.7363772,6.0702934,4.3564095,0.8010004,1.0759073,-1.0604382,-2.2344975,-2.6470745,-2.0657978,1.2984728,0.08086969,3.1231108,2.6214414,-3.7960145,-3.1800907,-0.5529787,-1.8788521,1.837665,-2.2250133,-2.0713265,0.123802595,2.6003633,-8.721769,1.1240536,1.8709898,0.332362,-1.631806,-1.3607291,3.3319762,-3.077103,1.9307939,-2.4126668,2.2173908,1.8930297,-2.1024218,8.070077,3.0426846,-3.3770149,-1.4425871,-5.061327,-2.381071,2.6980667,0.73709667,0.67243946,-0.7596683,-1.7179759,5.04302,2.490757,3.7269506,-4.515494,-0.9513851,1.5067843,3.1657345,2.0470245,2.9481447,-3.5066442,-0.43000057,-6.460761,1.6783887,-0.40581262,0.62722915,0.6634422,4.6613283,-2.0128634,3.4479594,3.89257,-2.2325404,1.205852,1.6013426,-0.3496483,-1.2297808,-4.6665716,-3.5694447,2.617173,4.96519,-3.1460402,-2.1798859
75,3.1324418,3.790174,-1.7993474,-0.22993472,-1.7442098,-3.2229474,-3.0589006,4.490586,1.7951499,6.0582285,0.8436506,0.23421365,1.1200644,-2.9878993,-1.448935,0.19946083,-1.5098419,4.870085,-0.3478645,2.879659,-4.8013616,-0.43060273,-1.4648719,-0.56748176,1.6594839,5.3203807,-0.28319147,-4.524589,0.31769508,0.1795435,-3.127727,2.0618672,-0.25310424,1.2854142,-3.9094653,-2.624598,-2.5787804,-8.622591,-2.9664927,-0.4341169,1.6064353,-0.8643587,-2.1655588,0.18566741,0.34424275,3.9872487,-1.254241,0.9234819,-1.172903,-2.7072213,-3.5057907,2.361872,4.001248,1.5861273,0.54230535,1.2950155,-0.59587556,-1.9620018,-0.90302414,-2.7146332,-2.667249,1.8363814,2.9830694,2.2823346,-5.869333,0.39104265,0.9175634,0.66363263,2.4463153,-1.8016311,1.2422853,0.14320497,1.3299682,-7.0858626,2.2895634,1.7546941,-0.5109649,-1.4172244,-0.28074947,3.0103354,-2.3470654,2.8337193,-3.5168955,1.590562,3.894307,-0.9558325,4.9253225,1.9287573,-2.2745492,-3.7848494,-5.1437984,0.30250967,0.77335715,0.2045882,0.3834461,-0.9228232,-1.9182482,2.5833201,5.3981795,3.7058725,-2.0294356,1.3937236,1.9457188,1.3323877,0.40054512,2.7924483,-2.0339468,3.1148515,-6.4996023,-0.18578312,-1.3460709,0.64957696,0.30477723,2.3458228,-1.8087409,3.9982738,2.7552056,-4.342805,1.1923727,3.7427166,3.2343678,-0.5494519,-3.2757654,-1.3594769,2.3937974,2.605103,-2.323139,0.6217005
76,3.111523,3.002469,-0.8097846,-1.0297036,0.805367,-2.4314852,-2.4103355,5.0247025,0.6477125,4.067321,-2.9299686,1.01801,0.57679737,-3.4191415,-3.6372175,-0.35654885,0.34698805,3.4493248,-0.028932504,0.8092706,-4.520238,-2.0303793,-4.4385815,-0.7439843,2.8923652,4.6103096,0.9567547,-3.93003,-0.61159515,-1.7365679,-3.5718708,1.9004834,-0.9400377,2.3100402,-1.1982168,-1.7665818,-2.5378458,-7.7062006,-2.865284,0.13059758,3.7952824,0.16147944,-0.98104954,-0.5643595,0.21594025,3.1094525,-3.4525325,2.3223011,-5.0766244,-1.5031888,-1.7986671,3.7486496,2.2862556,1.4997518,0.28340733,3.4577737,2.9029653,-2.2442298,0.5496571,-2.8115056,-3.039237,0.22724748,1.7499801,2.2017536,-2.2770026,-0.21365094,-0.006258689,1.2665766,2.0709918,-0.22187547,-1.6349783,-0.9032536,-0.36683288,-6.623205,4.1319485,-0.30256674,-1.4741971,-0.4001415,-0.7896498,1.2462287,-3.936996,-0.58754873,-2.3412306,1.917381,3.2724736,-1.1508167,0.5964578,3.4302766,-3.8508751,-1.8621995,-6.375019,-1.1080328,-0.016876664,0.8270478,1.717716,0.9008598,-2.3751924,0.9934943,6.2839108,1.5173063,-1.3040184,2.8673577,3.7754335,3.0805552,-0.9777816,1.0721846,-1.6288992,0.7679258,-6.44462,0.046717964,-1.8394837,-0.613929,1.085343,2.6745033,-4.0762305,4.838431,3.1100936,-6.022884,1.8767384,3.563546,-0.5750244,-3.677229,-1.9632027,-2.3637035,2.8195875,2.6515088,-0.23793621,1.5498593
77,1.5989571,3.338995,-1.9517502,-2.77124,2.0474591,-3.9862168,-3.7787242,4.436241,1.6440068,2.055968,-2.2682977,0.34276146,1.6504881,-3.4434927,-2.574518,-5.7397594,2.896073,4.343052,2.2006848,3.3585563,-3.5643246,-3.8078024,-3.1307902,1.1039766,2.60037,5.41123,-0.42575383,-7.0636673,1.2536075,-4.1677146,-5.908686,0.8750217,-2.6356657,6.045577,0.8327008,-0.9413529,-1.349983,-5.4941697,-4.7328906,-0.6152577,1.3457978,-2.532465,-1.9558656,0.22845939,0.9706653,4.0968685,-3.5590189,1.9401865,-3.2672026,-1.5444641,-2.3488715,4.962441,1.7404568,0.5800565,1.6824477,4.384464,1.856057,-0.84736663,0.19579428,-0.7718641,-1.3793021,-0.35073453,2.5901313,3.3516402,1.0308785,-3.341891,-1.2629949,-2.4871898,4.0039697,-1.952651,-2.7549083,-2.243456,2.5020366,-5.37818,2.9480104,-0.5775927,2.5734131,2.2326572,-3.7365766,-0.028268402,-1.776886,2.7913218,-0.7061061,-1.145424,1.5097055,-2.7759778,3.526419,5.035109,-2.5573537,-1.1106756,-5.3272357,-0.41276032,0.27398783,1.6131606,-1.4451318,1.7056584,-1.4737902,2.0213075,4.239766,3.5065928,-1.7650015,-1.1504172,3.5559444,2.7245424,1.2964565,2.627966,0.18786314,-0.050084863,-6.671805,0.32582772,1.7340974,0.25246343,3.1765356,0.65199023,-1.1030087,3.0263066,2.3366928,-4.555411,1.5180992,3.1160743,-0.31059745,-0.5472852,-3.1282606,-2.8755472,2.818712,-0.33991298,-0.6149089,-1.6723793
78,0.19974497,1.5219961,-1.208268,-1.7139351,-1.7102114,-3.995261,-3.61373,3.619828,1.5945619,5.2260036,-0.113201626,-1.09639,0.4622028,-1.5125622,-0.57447994,-2.3633091,0.08369053,4.6731277,1.6515545,3.9078882,-2.0758722,-2.74433,-2.3237054,0.079913475,1.349846,5.5109067,-1.86675,-3.8202698,2.5792618,-1.03333,-4.3296785,1.0928199,-0.5586569,4.3778296,-3.7208815,-2.6447241,-1.7559073,-5.253145,-1.0444202,-0.7781223,0.047573917,-2.1340022,-2.4211543,1.9517205,2.1353226,4.8360796,-1.3979532,0.32381728,-0.7463126,-3.928577,-3.2878644,1.9514507,2.6220906,0.4502348,0.35854265,1.7080005,-1.7057487,-1.1579862,-2.6290865,-4.6270013,-0.9413529,0.015180081,2.5338104,2.0767167,-2.6077151,-0.9360965,0.27142805,-1.5983946,1.2383275,-2.383339,0.56071866,-0.45310563,2.1931384,-6.248022,1.2962686,2.3892891,0.06324728,-1.0564134,-2.3212745,1.3160334,-1.2659057,1.9042786,-2.9791963,1.4725393,4.234282,-1.8419727,6.114111,1.819267,-2.3707266,-2.582738,-4.690542,0.45505401,4.0152287,-0.8613305,-1.0590036,-1.5520861,-0.18874657,1.1438426,2.9204538,4.1687675,-2.065889,-0.35653114,2.8903418,0.828206,2.8413951,2.8548815,-2.6332667,1.194004,-3.0598621,0.058305632,0.7303957,2.0758355,-0.025424998,1.7704265,-0.15306368,2.7375472,3.437999,-2.653029,-0.8045934,1.1881083,0.7802898,-0.9208132,-3.157157,-2.4455125,2.986715,1.6580138,-1.3573884,-0.17561324
79,2.7968295,3.6677632,-3.4510825,-2.2541456,1.0066105,-4.410017,-4.559336,4.2380996,2.2725954,4.132117,-1.4590974,-1.0939683,1.6451972,-1.8268559,-1.5121744,-2.584077,2.170637,4.5446143,0.6918139,2.3591576,-4.439392,-2.77702,-3.4056678,-1.4905064,2.0560453,5.717185,-0.31831744,-4.6351275,1.4281137,-2.626288,-3.5713353,1.2789158,-2.0443964,3.7300553,-2.1125052,-2.3456872,-2.3614478,-6.94832,-3.7675035,0.19251083,2.45981,-1.8227808,-1.4386878,-0.30817616,1.770157,4.7723813,-2.03817,1.5929302,-3.0328925,-0.7616617,-2.969217,4.0316424,2.9417255,1.8823878,2.1370401,3.399243,0.43173775,-0.02061388,-0.79282486,-0.7995362,-2.6299722,-0.059339404,4.2089095,2.97617,-2.4807148,-1.6478943,-0.9855948,-0.19510728,3.264512,-0.18539433,0.40180993,-0.74879384,0.28200608,-6.0610156,2.432897,0.042046692,0.19158629,-0.19428976,-2.032017,0.6046955,-1.6746712,0.9392545,-2.4001567,1.072589,1.9693797,-1.1812145,4.217256,4.1142535,-3.3061063,-3.104419,-5.1596565,-0.808654,0.75112844,0.14670536,-1.1293552,-1.0865824,-0.1917745,2.1092436,4.06271,4.2947645,-1.9317044,-0.10326712,3.149746,2.4817991,1.6200887,1.8112454,-1.531608,1.4161956,-5.210006,0.021494476,0.50419533,0.69377756,1.2879295,0.7742522,-2.5767858,4.879968,1.5917196,-4.031167,1.2243401,2.8250446,0.19717783,-1.8277194,-4.041115,-1.7143365,1.8932676,1.7041358,-0.3067125,-0.2841041
80,0.39934492,2.3987048,-2.1564713,-1.8417181,0.87075603,-2.993652,-3.553615,3.334713,3.7291198,4.601205,-2.0500758,-0.3994726,1.0656618,-3.9894526,-1.2611686,-1.5411576,1.3830409,2.8851964,1.7482797,0.9273972,-3.6232986,-4.3058906,-4.9338145,2.958526,2.1999037,6.7353153,-0.3274329,-4.3204093,1.8918618,-1.7918718,-4.772871,0.3918129,-1.2506052,4.9123015,-0.60373783,-0.09731291,-0.740616,-5.8942833,-2.628202,1.7515266,3.144682,-1.6415529,-3.2583966,0.34108105,4.3904805,8.059953,-2.5905514,3.9868114,-4.6983194,-2.917777,-2.199079,2.6219728,0.33592793,2.120211,0.96238565,3.8456275,0.50021046,-2.0237935,-0.43032312,-2.1802638,-3.2434454,-0.25870413,4.3002005,3.98616,-2.932924,-0.5864293,-0.48027962,-0.1985763,3.444943,-1.1305797,-2.5761402,-2.2101154,-1.5407468,-5.032889,2.7975812,1.7344097,-1.0206119,0.7427555,-1.3229606,1.1946793,-1.2591647,1.754136,-1.4287645,1.5631292,2.7471595,0.5085501,3.2869732,4.739915,-2.8945796,-2.5307384,-6.465954,-1.7216598,4.2797427,2.20171,-0.32175523,-2.2336063,1.4618541,0.30747578,7.113276,4.707882,-2.7033353,0.16244674,6.1737695,1.375054,2.1610205,2.317702,-1.5068194,3.1989713,-5.70202,1.7199764,-0.9190971,2.2348392,2.6906981,2.058836,-1.0398846,3.2314422,4.2582474,-3.1203375,3.0989277,0.6103121,0.52118486,-3.8819346,-3.1275759,-4.754701,1.4171311,1.1653148,0.09965425,-1.6404806
81,3.6983855,4.7047844,-1.8838009,-0.6112629,1.6316477,-2.6239448,-4.3545575,4.0898247,2.6828742,2.8232522,-0.9589238,1.3672242,-0.8121464,-2.8830044,-2.4339886,-1.1594136,-1.8373075,2.1030858,2.4377313,1.9719465,-7.6349025,-0.5341196,-2.9673378,2.3571856,1.7264498,4.938597,1.813587,-5.345188,0.9077914,-0.6395644,-5.5796313,3.1629426,1.7502892,0.13467397,-0.94644815,0.50170225,-2.3542836,-7.603609,-3.8744462,1.63504,3.615642,-0.40288335,-1.9492537,-1.4571033,1.5523489,1.9649527,-1.869904,2.8070343,-1.9722303,-2.7814224,-3.5376399,2.4098353,2.3695686,1.0450181,2.267206,2.2432106,0.7066388,0.011795878,-1.4132284,-0.86256987,-4.3359103,2.4602957,3.1185787,2.2852411,-4.3329225,1.5518316,0.32198668,-0.020895958,3.1802523,-0.9983724,0.011702174,0.28990328,0.76521164,-7.2524753,4.574676,-0.8274315,-0.15638453,-0.99271137,-1.8894349,0.8458958,-1.3055423,2.1136527,-1.9410089,2.1092808,4.168361,-1.577698,5.260404,2.8218012,-4.283354,-2.7177663,-6.837071,-1.067368,0.96399856,-0.2568369,-0.5700962,1.2678518,-2.801871,4.3999457,3.3360767,2.0926178,-1.3435253,3.860192,3.5404222,3.4785924,0.5899625,3.4781723,0.71124244,2.2170637,-6.0255976,0.55295664,-0.69008166,0.17828985,-0.8479416,2.9235327,0.42755058,7.1430554,2.2381637,-4.1698003,1.9759696,6.4910145,0.7658085,-0.91044533,-2.7351503,-3.5401156,2.9163086,2.9576776,-2.321723,0.8520775
82,4.150573,3.8372414,-3.57402,-0.97089505,2.1577368,-3.0167007,-5.103675,1.7697817,2.5410173,4.0521865,-0.53691375,0.3129453,2.119858,-4.448411,-0.7486474,-3.5655906,-1.1575177,4.4318733,4.276261,4.149567,-5.6443586,1.0615189,-1.8803834,2.9746425,0.6588706,5.1513305,0.56098175,-4.9759474,1.417429,-4.8503923,-6.7449226,4.042112,0.47933224,2.8995185,-2.3070881,1.9655004,-1.2664316,-4.4156523,-5.6676173,1.9748925,2.994429,-1.3308072,-1.4053317,-2.3026655,1.9945017,4.5462394,-1.653081,4.808197,-1.697746,-2.5502026,-4.063244,3.9408975,2.972454,-1.7295656,5.236463,2.502049,-1.007407,-1.9218119,-1.2228675,0.9499235,-3.0738006,1.898129,4.164567,3.543251,-3.6632187,1.9691435,-0.29835713,-0.35463277,3.6183472,-0.4081144,-0.1373976,-1.2445769,1.7439476,-4.292235,2.760426,0.95530987,1.7460898,0.89049304,-4.3583236,-1.7338241,-1.1071941,2.7854788,-2.000144,1.9789141,2.489975,-0.88970643,5.832322,2.1488736,-2.6233225,-2.2091537,-4.463397,-1.0799738,-0.0662507,-0.39567298,-2.407238,2.3076105,-2.857565,3.074663,3.350473,2.5655,-1.7774949,1.2501663,2.8247771,1.8460996,4.326716,5.522534,-0.39173222,1.469408,-5.8078737,0.33614627,0.37745306,2.7806408,2.2664514,2.7767396,-1.131341,5.565427,1.9026326,-3.8860877,2.698192,4.057271,1.9721117,-0.9208221,-1.8006037,-5.4848247,2.1325085,1.7825762,-1.8918593,-0.258852
83,2.5086374,3.8379612,-3.0038104,-0.087611295,0.99655765,-5.8257823,-3.8945417,1.9746512,0.3816733,1.6111643,-0.9704729,2.0291967,2.7782128,-4.934797,-3.2868524,-5.0581346,2.2078607,5.455414,3.2790027,4.6415677,-3.2336235,-0.51054573,-2.2843168,1.5682737,2.4633331,5.0075226,-2.2919683,-6.458278,-2.5997322,-5.02687,-7.8144293,3.3613605,-2.3934612,6.415419,-1.7884218,1.3795592,-0.67580205,-6.624436,-5.642525,-2.3336358,0.9056236,-0.8738702,-1.3969736,-3.9291332,1.131638,4.4127846,-3.391842,3.7645988,-2.279911,-1.1325326,-4.079122,3.1092563,2.647682,-0.5621863,2.6491315,2.7144692,1.1208516,-3.0714133,1.243853,1.1390809,-3.6300173,1.5218219,3.8503678,5.526799,-0.4288337,-1.6920377,0.021653045,0.45710856,5.207995,-1.1467793,-1.3076937,-2.7794185,4.294904,-4.6543975,1.9194679,0.3086238,3.7172534,4.266176,-5.8648205,0.27437514,-2.6731997,2.8038206,-2.5569367,-0.98754126,1.99014,-2.9024189,2.088639,3.188395,-3.0564952,0.13706394,-3.7933743,1.4924006,-0.6661583,3.9934137,-0.17644322,4.0502963,-1.9930397,2.2106104,6.5368123,2.4952538,-2.39576,0.5880014,4.127006,1.3129139,2.0032926,3.9315019,0.3355352,1.3929453,-7.0403795,-1.1341374,-0.00010481104,0.82826996,4.6876845,2.032378,-1.7286919,3.083492,1.033625,-7.208164,3.4564452,3.769914,2.4144387,-1.0967158,-1.6744063,-2.331057,2.3125427,0.51600164,-0.23947932,-1.3387007
84,4.2246027,1.9331132,-1.6831954,-1.9334793,1.1299896,-4.265947,-5.33871,4.4882865,0.74751055,5.8769393,-2.6202557,1.028789,-0.43378758,-3.9705667,-2.770328,-4.9803123,0.5475836,5.0038977,1.71843,3.0973153,-2.6245883,-3.828988,-3.7143428,1.907928,2.1015449,4.2720857,-0.3619234,-4.6645126,1.8750792,-4.285303,-7.4372034,3.6780934,0.20919722,4.208873,-5.099,-3.0800521,-2.8036373,-6.5562234,-2.2665806,1.6288902,0.6588706,-3.4997284,-2.5775313,-0.38324335,0.41342804,1.9428931,-4.326139,4.5471206,-3.6413753,-4.1929097,-2.175172,2.2829688,3.4028296,-1.8659512,4.1422334,4.116559,0.119504586,-1.105258,-0.7711874,-1.8365301,-2.6984012,-0.56987226,2.687448,1.8463053,-2.048503,0.85580474,2.1378527,-1.5183283,1.8971239,-3.0349154,1.1508397,0.82851684,2.2673,-8.136243,2.8692203,1.1395772,1.6011125,0.6151765,-5.4056,-1.0948039,-4.1876745,1.2309291,-3.3648777,3.3635623,3.7321453,-2.8493934,6.182325,1.8056839,-3.347424,-0.13603483,-5.1857014,-0.36595058,3.426503,-1.5710524,-1.0866301,1.2529535,-4.647488,3.2540417,3.7134743,1.362192,-1.4912165,2.2991428,2.473788,1.429017,3.735944,4.57355,-1.5874242,-2.5468419,-5.7578654,1.1633202,1.1047404,2.5382645,-0.10945827,2.1491609,-0.21640116,4.3831306,3.917649,-4.7596445,3.4777765,4.1380525,0.56275195,-0.57820666,-1.764443,-3.1875694,4.321623,4.4245524,-1.2248825,-0.73848134
85,2.6859784,3.3888676,-1.7224619,-1.5471131,2.8064492,-2.2763233,-3.3308086,5.2997108,3.4019864,3.54284,0.8477212,2.4231539,0.89492655,-7.850242,-2.65886,-2.749165,1.2833731,5.269271,4.9797606,4.321252,-3.9068706,-2.2803404,-2.1350214,4.691149,2.2348573,7.071944,0.48031723,-7.9207954,1.0546436,-3.087669,-4.143424,1.7295449,-2.2522395,3.1685145,-2.0832698,2.850394,0.19331262,-2.30579,-4.538902,2.835984,2.8680108,-0.93860584,-1.2144501,2.8058047,1.0232157,6.6902227,-4.0818534,2.308108,-0.31660956,-3.344564,-4.3324327,6.0033283,3.6743417,3.6301064,0.66351235,0.086113326,0.4141841,-3.0611482,1.4059304,-0.105066545,-4.335377,1.0128984,2.2750003,-0.27025777,-3.2715254,-3.6919336,-2.2270715,1.4457189,1.4517792,-1.11939,-5.5557733,2.926491,4.626294,-2.9641137,0.26321954,-0.83609813,0.66000366,0.20257786,-0.6105854,1.0000991,-0.34460375,4.06135,-2.5542533,-0.051244713,2.1126893,-0.81060123,6.1358695,6.614802,-0.8912254,-3.7697024,-5.0068774,-1.9945506,-1.4611781,0.25748464,2.9186041,2.1512566,-2.1591537,0.8655657,3.661257,3.9753802,-3.2501469,-0.88240725,4.9313927,4.428493,4.0252137,0.5268181,1.1016369,0.858423,-8.989714,1.2858921,-0.43338686,1.455647,2.8253047,4.82902,-2.6121771,1.790335,1.6377337,-4.717778,4.131241,2.4279099,0.14253905,0.25936088,-3.2176697,-3.6506655,-0.0856245,2.3232114,-3.002341,-3.8607316
86,1.4788156,2.5734842,-1.3936514,-0.53636974,0.46951726,-5.4039793,-1.1274126,2.385483,0.2796466,4.082271,1.1062385,1.0664396,-2.8996549,-3.615533,-0.7537269,-1.6951339,-1.721035,5.0941668,3.5191348,2.634202,-4.574917,-1.701563,-2.4033895,0.66425556,2.3063385,6.5012507,-0.14695424,-5.280126,0.9986763,1.5057513,-4.14275,2.151708,0.672559,3.999404,-2.0737262,-0.13995582,1.14698,-3.6227086,-3.6423771,0.5508633,1.6849927,1.6493273,0.38888982,-0.92601997,1.4904865,2.889898,-3.3942666,1.4531744,-2.9794688,-2.3951068,-5.0801086,2.536293,3.4034355,0.61969596,-1.2491374,0.9860847,-2.5131297,-2.5421054,0.45219997,-3.2069473,-2.2655234,1.4271866,1.5186182,4.2041564,-3.7206402,-2.5315413,2.053551,1.1232179,0.10391865,-1.1991221,-1.2385104,1.0466049,4.249463,-4.671042,0.65376645,-0.24138096,-1.9649135,-2.2617621,-2.099901,0.30603194,-1.2862482,1.0419647,-2.0509944,2.1580005,5.682597,-1.4254628,4.482097,0.23939618,-5.1701994,-0.97240144,-5.8589277,-2.760511,1.6624296,-1.1184256,0.90050787,0.28835508,-0.9590186,1.52398,2.0049875,1.2037498,-3.0429006,-0.21916483,3.3061364,4.1930614,2.7441363,4.0972266,-1.5763068,0.022368994,-1.4753151,0.58228225,-0.9262195,-0.25358012,2.8529155,3.220483,-3.9712667,1.6244266,1.7799407,-3.436109,-1.765557,2.3265276,-0.44659853,-1.6290512,-2.5505292,-4.9332633,3.5534956,4.319,-2.7357674,-0.28618085
87,3.6116283,5.5545506,-1.2962337,-0.074933626,-0.9726305,-5.8986554,-3.8753362,6.872643,1.4279358,8.781658,-3.907146,-1.1301486,-2.2043734,-4.0793295,-0.87690055,-2.5728648,1.379092,4.295872,0.6934757,6.0268235,-3.1112585,-5.758533,-3.831898,-0.8829994,4.824882,6.518239,-1.8412511,-2.2987394,2.3763797,-3.4397326,-3.4918108,0.1485145,-3.0365283,6.2198,-5.253771,-2.6513953,-2.7072618,-9.311815,-1.5918485,0.5228612,2.019355,0.7396393,-0.87616,-0.4066275,1.0289043,5.270794,-4.152999,4.055797,-4.1918297,-3.9894583,-2.205727,4.296278,5.3791065,3.3872445,1.5734781,4.3593183,-0.515586,-1.4928199,-0.8377669,-3.7004528,0.5665499,-0.1373955,3.483021,4.1027718,-4.5737853,-2.3472207,3.4977217,0.60299253,2.9805973,-2.6678555,-0.46448654,0.78117025,2.130511,-8.632197,1.6759318,4.154221,-0.52083683,-0.38571656,-3.8164663,1.975411,-3.0565023,2.1301076,-1.9189308,7.055904,3.3447242,-1.1572285,8.526896,3.0658789,0.4870177,-2.2127254,-5.924274,-2.913476,5.6149716,0.86002,0.9727323,-3.7123652,-0.53465605,4.7046194,3.5131764,5.9889517,-4.6286902,1.1885068,3.3620327,1.7305862,3.3662913,3.4548151,-2.59351,1.4986469,-5.8039317,0.5784845,1.6919861,4.249265,2.8538108,2.8042345,-4.302313,1.748036,7.80035,-5.99902,2.2959487,2.829907,1.3488803,-3.2370543,-2.2080843,-4.9276586,3.7866507,5.8133597,-1.6360587,-1.9183336
88,3.116111,2.9935207,-0.38386288,1.217378,1.2528223,-6.2534676,-1.6733435,2.3715403,0.7461248,5.5447087,-0.332576,3.8293629,-2.9962254,-5.1877465,-1.9647164,-3.1756127,-1.4561023,6.7460103,5.595327,1.0016327,-6.3987794,-1.0021611,-3.3477347,1.4467118,3.6830742,7.021728,-0.5553121,-6.6905007,0.3329884,-1.8810687,-5.4700885,4.2489223,1.7795762,7.05951,-2.7081356,3.3485606,-0.7903078,-6.9966817,-3.6896708,1.0948758,3.0647488,-1.362143,0.14806464,-2.0776505,3.0154283,7.469602,-2.9449937,3.2366822,-4.3101673,-3.6957781,-7.577582,7.394045,4.7416306,-0.17458256,-0.90529484,1.4026204,-0.9562986,-6.3762736,0.7267539,-1.7554976,-1.4601463,1.5486385,3.6304336,7.4498467,-1.7350004,-2.362742,1.8832682,1.7787273,2.5177813,0.05902638,-3.0788107,0.21201347,4.173572,-6.2836013,2.356684,-0.7398086,-1.5686084,-0.37553623,-2.0323915,-0.4696262,-3.4856725,1.8902795,-2.3849454,3.9718633,6.6090465,-1.3327233,3.2351222,2.3251173,-6.028916,-1.6321313,-7.237373,-5.0160947,0.7700859,-0.29981658,1.6958116,1.7639053,-1.268742,0.986309,2.6120868,-0.19475196,-2.5807219,-1.302368,4.4782195,3.7140617,4.6036353,5.385518,-2.5848339,0.71270823,-4.559633,1.1593357,-1.266827,0.34951594,5.42638,5.696803,-2.6161993,1.2790889,3.2456465,-4.9232836,-0.44744387,2.6465907,-0.2791147,-3.7731156,-3.6231246,-8.99981,2.912363,4.129816,-1.1049205,-0.4712044
89,6.646211,7.9072576,-0.16799836,0.040513374,1.9172293,-3.0823517,-2.839678,7.2967396,1.375773,5.213524,-0.6269091,0.79481786,-1.5352429,-6.7264643,-5.304398,-2.2967837,0.92884517,3.3944874,1.8912206,5.2065406,-8.176284,-0.013437565,-1.8890108,-0.5455631,4.946584,5.0750947,1.382971,-5.6681304,0.64072454,-2.226286,-3.1262336,3.8744879,-3.8660374,3.4842262,-3.2915385,0.010352172,-5.8177395,-11.783541,-3.9618156,-0.74439776,2.0181816,-0.07299284,-2.0142791,-0.3632847,1.0880648,4.4835606,-4.680048,3.87792,-3.0747674,-1.6161214,-2.55716,4.8244724,4.36233,4.682384,1.8076895,3.9981678,0.5845459,-0.53814256,3.9616857,-0.47157985,-2.1568089,2.5965517,2.056472,5.0935636,-5.97827,-0.6047078,-2.8206468,2.4949965,5.6191034,-0.8363853,-0.8974794,-1.9144124,1.5153148,-9.393446,4.5546875,1.3890184,0.6914277,1.7253922,-3.1898777,3.5849667,-1.7463026,4.8238444,-2.0333865,2.878141,3.1468046,-2.5349326,4.457048,4.995261,-4.5928345,-3.8116663,-4.526691,1.0492368,0.0539148,2.5110304,0.767182,0.33287203,-1.1576264,3.5401955,7.2801075,6.2850947,-1.6890621,-0.5134212,4.7148786,1.4133847,-0.7627644,3.41567,0.33343703,2.5683868,-11.017601,-1.5340935,1.0092547,0.8077142,3.202836,4.079233,-4.121886,4.857811,1.1827432,-7.582271,4.4369464,5.472256,3.0927322,-1.8913722,-4.942869,-0.7059996,5.4407277,2.9982834,-0.6449311,-1.8495648
90,5.908585,6.101961,-0.64527774,2.0391781,-0.046837114,-5.2615094,-0.85319525,3.9420218,0.12997344,4.692601,0.47239432,1.7919341,1.6586777,-6.7509956,-1.6926308,-2.2104237,-1.9704243,2.968191,1.0031712,2.4824557,-6.1011443,1.7107501,-2.112232,1.9789591,4.026214,3.8392947,1.0369009,-5.362845,-1.9688777,-2.7204578,-5.018357,4.798352,-0.29278386,3.3544548,-4.22975,-0.35107818,-2.8371084,-9.153653,-4.04436,-0.78095853,2.9469478,-0.40281078,-0.16214693,-2.8319514,0.30201662,2.879616,-2.7345254,1.7926961,-3.58304,-2.4614475,-2.2498097,4.5833936,3.540024,2.0315332,-0.038693964,2.0699816,-0.53230995,-3.767396,1.3085994,-1.2098413,-2.142165,2.5003097,1.1150883,4.0387516,-4.3851323,-1.2405603,0.69007283,1.7718538,4.0646706,-2.2464843,-0.92654365,0.77191085,2.706718,-6.3170013,2.396475,0.9092673,-0.34145114,2.2863445,-1.9329435,3.2714512,-4.5829062,4.775086,-3.8024652,2.491781,3.703576,-3.8070877,2.7236516,2.7754607,-3.0542142,-1.1791549,-3.3550568,0.3531268,0.42759132,2.558493,1.3689259,2.473965,-4.109238,2.5276868,5.360384,4.5480456,-1.7070519,3.03866,2.0428474,1.021329,-1.118999,3.650507,0.6723411,1.4386507,-9.836191,-0.09543335,-0.29613903,0.048204597,0.8533126,2.0797012,-3.5729976,2.612809,3.1533933,-8.08043,2.789133,5.002207,3.3938296,-1.209283,-0.92964077,-2.368335,3.1889682,3.4150367,-1.5141867,-1.9649205
91,2.3578224,2.1411395,-1.9681605,-0.8016726,-0.16811416,-8.540695,-5.3797283,9.409011,2.387386,8.330578,-2.111924,0.3000872,-2.8728588,-4.7924953,-4.401149,-2.1023653,1.9061457,5.793181,0.09792462,8.741876,0.20437711,-6.6481,-1.2543771,0.2580834,4.2372394,6.691084,-0.31382406,-7.1561766,1.8792223,-1.8720865,-4.960526,0.43520442,-4.4664674,8.350109,-7.8597703,-4.4697676,-1.1361222,-8.411942,-0.81092197,1.1976336,1.7622827,-0.27043247,0.8059035,2.2068434,0.61631954,2.5284827,-6.7526436,1.5311811,-2.3556037,-6.4355865,-2.8155918,5.072869,8.447293,3.493768,1.205788,1.184058,-0.9345969,-2.536092,-1.91777,-4.217213,4.409497,-0.035315692,1.7524052,1.1095197,-7.2484884,-3.3876305,3.0447433,-1.7206413,1.3063174,-6.592221,-1.3154148,2.8380003,5.415972,-10.196922,0.9979582,4.589812,1.1139636,-3.6411211,-3.7048366,5.4023705,-3.0069504,2.3609138,-2.8171782,6.005953,3.1024787,-4.4268126,10.4458065,2.0726435,-1.6245031,-1.6385334,-6.880822,-1.8441017,4.724241,-1.3243711,1.1969436,-0.82708293,-5.082203,7.2453527,3.5263548,3.8348687,-4.5408273,-0.08155189,0.18895832,2.8812373,5.421422,6.5806074,-2.1745367,-2.6945775,-7.9873075,0.4084802,1.8247887,2.1506493,1.2015146,4.7570543,-0.89178395,2.9744852,8.32184,-4.210929,2.680698,3.6549091,0.93948656,0.90151983,-2.9504871,-3.7868924,6.5176516,6.6743484,-5.1544094,-2.3333395
92,6.0629716,8.298692,0.038037166,-0.02122666,0.7275641,-4.846256,-3.7994375,5.809128,2.4030569,6.049508,-1.5603236,0.6907824,0.60197955,-8.000982,-3.1066663,-3.0621076,-1.2171874,3.4314005,3.3484004,3.806742,-8.253624,0.28015557,-2.2535512,1.9864058,3.5027294,7.560108,-0.5770954,-7.756155,1.1426277,-3.1636388,-6.837423,2.9570758,-3.9857872,5.812602,-5.954684,1.1021453,-4.6875377,-12.491952,-4.0606894,-2.3390534,4.53111,-0.6786375,-1.5232208,-2.701508,1.2043915,8.085554,-4.2893643,5.1582904,-4.4529414,-2.6111267,-4.5379114,4.4528403,5.086694,3.29403,0.9206738,3.038127,1.128739,-2.8988621,3.822094,-2.1799495,-2.8676605,1.8848673,3.1460545,6.7578464,-8.219426,1.3779422,1.3783994,3.7653363,6.613166,1.4154941,0.33893943,-2.8852506,1.2654198,-6.4957805,4.2057414,1.5810646,0.08241224,2.7857087,-3.426504,5.668398,-3.6488893,7.8032293,-4.444792,3.4588969,3.7803833,-3.9592988,4.7065945,4.3012185,-6.34263,-6.582762,-3.6792586,2.5558004,1.6284523,2.231379,1.314689,-0.8203188,0.08531614,5.0897117,11.5916605,5.6192956,-2.384026,-0.876745,4.418409,-2.1040738,2.2781882,8.127516,0.65868556,4.279839,-14.848078,-0.45676675,-2.3706458,1.2925284,3.8942287,4.855789,-4.191934,4.1185637,3.267136,-7.6688943,5.3606787,3.1974947,3.5006626,-1.4276431,-4.987732,-1.8027254,5.2495737,4.366581,-2.883729,-3.2187476
93,2.224438,3.5717385,2.0501635,1.3538015,3.664219,-5.6328683,0.27647164,6.122044,2.5918672,1.0884058,-2.9242516,0.41854548,-2.6136065,-6.5834107,-2.553739,-3.9237645,1.206971,3.104003,5.261913,6.0622864,-5.8121915,-2.0775158,-0.36948803,1.817515,6.092077,4.363787,-3.0438352,-1.4613059,-0.2833212,-3.4484873,-2.5203013,1.3323213,-3.3741796,5.621717,-2.1673145,1.3360376,1.061684,-6.2972503,-2.6533675,0.7917135,-0.6213684,2.118613,-1.8966646,-1.18522,3.2965515,6.35798,-5.0348544,7.3454494,-3.1440136,-2.1476789,-1.1596593,4.155016,4.002332,1.2696394,1.6673231,2.501508,-0.029240279,-2.5314088,1.8655773,-0.3540471,0.3126965,2.5676355,1.3756819,4.525344,-2.9706128,-2.3221037,1.2249076,2.1515472,2.5279534,-0.10783446,-3.9441233,-2.2669218,4.211576,-2.2425728,0.26386857,1.0919418,0.61122376,3.557524,-4.5075507,0.6180296,0.22800852,2.498333,0.45813707,2.6698601,2.2100084,-0.41370395,4.577124,5.0930176,-1.7216971,-1.783866,-1.8496764,-2.3236194,2.8051221,2.047716,-0.37253726,0.19163442,2.21098,2.4725635,5.390569,3.5504293,-4.4316955,-2.538211,2.8115041,-0.65586907,6.275789,3.3531024,0.84937596,0.04773676,-7.9098797,-0.7622502,1.447779,3.7010424,5.827803,5.312421,-3.6642535,2.1068373,2.3095639,-2.6913323,3.4514177,2.015753,-0.39601168,-3.6115773,-2.0498598,-5.1780634,5.223216,1.8521776,0.33654642,-4.928088
94,2.2103958,1.9940068,-1.1404638,-1.5007603,0.86776006,-4.529762,-3.8120654,6.1939135,2.5839257,1.3886061,-5.368914,2.2388744,1.17707,-7.0855722,-4.9693294,-3.477085,2.524401,5.1819544,2.907116,6.099004,-1.6022654,-3.4655173,-2.6765485,2.007604,5.9521346,6.8483076,-0.98511744,-7.751026,-5.0519233,-5.1775436,-4.208818,2.1247597,-3.154397,10.055802,-2.0069602,1.3218812,1.9139593,-3.5349348,-1.1351615,-0.31197578,2.744462,-0.28266582,0.6952305,2.4487686,0.6418643,6.5454187,-2.9919538,4.458754,-3.511074,-3.1633635,-3.1615956,4.3168373,6.304146,3.9749281,1.5997782,1.8320295,1.2476798,-4.690824,0.9427463,-2.9833772,-1.2859551,-0.1705963,0.9852123,1.8659033,-4.0667877,-4.3504734,-0.12541303,1.032838,5.281394,-2.1395414,-6.61989,-4.097131,4.445235,-6.879034,2.718741,0.40874872,1.3521696,5.7897186,-1.3652302,0.5588763,-4.8293576,1.2260284,-0.5683812,0.034256052,0.7674596,-1.7241827,2.306732,3.0786748,-3.053111,2.155093,-4.0774813,-3.172416,-0.034018964,5.9086323,1.6037626,5.7209363,-1.8537706,1.8223581,6.975266,2.6040633,-4.50363,-1.1627795,1.4899722,2.2783103,2.6230855,5.0431924,-1.4063957,1.4784716,-8.568238,2.7901,1.5190446,1.7204902,3.5955555,5.647805,-3.3445113,4.891507,5.4488115,-4.040661,4.1905885,0.8313269,-3.0039093,-2.565132,-2.1031709,-5.638046,4.240891,3.5696864,-2.6610618,-3.2757835
95,5.2734704,6.383032,-2.5200775,1.0405957,1.9306135,-5.0457425,-3.5298755,5.1384144,3.523745,6.223478,-0.12935604,4.854101,-2.7919843,-4.7353787,-0.07924787,1.3412622,-1.128274,5.5092597,2.9751987,3.0949752,-6.8931594,-1.332479,-0.45020503,0.6581151,4.036403,8.207171,2.390811,-7.523814,2.622986,-0.046489377,-1.7290179,-0.52490085,-0.4992587,3.5962667,-2.9726658,0.23988342,0.88169855,-8.47664,-2.293812,4.2747035,4.715966,-0.16322517,-1.3530891,3.659525,2.949232,6.8635564,-1.846285,2.3596642,0.1479093,-4.642368,-3.3906236,7.8255224,6.118668,6.8914614,-0.3786103,-0.8448704,-0.87463504,-2.678535,-2.087758,-2.3432238,-1.0794752,4.4192495,3.8219042,3.0265684,-7.5190372,-1.9003618,0.56980526,2.7602131,-1.3849819,1.2417307,-1.5191443,3.765714,1.3163457,-4.8657565,2.3530207,-1.249312,-1.7930334,-0.94445395,1.946758,4.7619367,-0.49836367,3.1021435,0.591285,5.7090583,3.3566215,-2.3132966,7.877613,1.1644559,-1.9689205,-5.17249,-7.2619705,-3.8690755,4.048345,-2.310048,2.6588984,-1.8871465,1.2848957,5.2262545,5.221806,0.1825369,-3.032133,0.8336645,1.708361,3.2567263,4.989855,4.007889,2.1098337,2.2402127,-6.2409773,2.5202484,-1.1315454,3.1455884,-0.8445072,7.131856,-0.13298017,2.3765888,4.1634226,-3.3736653,1.6256827,3.5357616,1.2654301,0.95773697,-7.373315,-5.1368575,2.3013024,5.62057,-4.376851,-0.3579594
96,1.4834331,3.78788,-0.70454663,-0.82860446,-1.2899327,-4.547961,-2.005061,4.3097878,0.7477664,4.3159904,0.5415252,0.11369216,2.4710233,-5.2643247,0.27810264,-2.4325285,0.16939804,4.527729,1.257783,2.0096889,-2.884054,-0.999901,-3.8356173,1.2717025,1.972932,5.4735374,-2.8736567,-2.7055836,0.007115677,-2.864008,-4.9867706,0.64784896,-2.065578,5.720208,-1.8159074,0.7636652,-1.8368108,-5.415106,-2.1481822,-1.7265238,1.5512187,1.582432,-1.0878954,1.4063015,3.128112,6.471681,-1.3414545,4.195683,-2.7093964,-0.98870385,-3.3296232,4.670465,2.2428,0.891782,1.195392,3.2243788,0.022311348,-2.5117314,0.24471344,-2.8615346,-1.642231,0.92154425,2.742906,4.669703,-1.463748,-1.5772622,-1.8342675,1.134925,3.1160252,-2.662202,-1.1965895,-2.7419994,0.7925755,-4.624385,2.3397727,3.7128127,0.4182999,3.0699468,-2.1137397,0.26190445,-1.6764448,2.378742,-2.570114,2.1905403,3.6405141,0.58647263,3.4555757,1.4640356,-1.0048685,-1.1805577,-4.262423,-0.44755077,0.7439221,2.2941053,-0.151935,0.8875578,1.6733503,0.022428673,4.796884,5.6898437,-3.2573738,-0.86773837,3.422132,0.97636676,1.5179291,1.796782,-1.059198,4.612353,-4.86308,-0.89115983,0.9588751,2.6035736,2.7622578,3.4954104,-3.5064523,1.4149852,3.1778939,-4.5403705,2.208336,1.0151772,1.9952897,-1.4981909,-1.9243735,-3.3910577,0.71145856,1.2506183,-0.2645126,-2.245358
97,3.2265854,3.886264,-2.7035606,1.0256906,1.488831,-6.496947,-2.106457,4.08775,1.2778381,5.152873,-1.6030134,1.2495537,-0.94182456,-2.2351274,0.3371411,-3.4652567,1.7661374,3.5672657,3.2431295,1.5354935,-4.6119075,-1.9815613,-4.1841774,-1.620312,2.455927,7.413798,-1.3277649,-6.046964,0.8480804,-3.214323,-5.057348,1.8102696,-2.8384166,3.8875062,-1.0306623,-0.09752427,-1.0965458,-4.6865797,-6.269846,2.1640537,3.2382536,-0.79766685,0.5360217,0.5359323,0.15028383,4.4038124,-2.364172,3.6984632,-2.7788284,-0.99276733,-3.8281107,6.838648,3.1919787,2.060398,0.47360712,2.6061318,0.8512777,-2.4264634,-1.2342101,-0.883027,-2.138478,0.8659573,3.4150717,3.600737,-1.218976,-2.105691,-1.2137481,0.58940005,1.7451284,0.10129829,-3.1282341,-0.78939366,1.8905085,-1.776582,0.3412367,-0.3613073,-2.386213,-1.6841806,-3.5783002,1.7281291,-0.63349086,-0.36807218,-1.2334069,1.607774,3.9808044,-1.6170965,5.670114,4.175772,-3.142178,-4.782089,-3.283395,-1.6616093,0.6813576,-1.0055175,0.5659546,-0.82063913,0.05969072,1.9594672,2.7313347,1.4618367,-0.7134314,-0.14274094,5.397214,3.4553413,2.3578322,1.370301,-2.3805175,-1.4104198,-1.3019474,0.0026013586,2.2932506,1.4817514,2.1823027,3.9423225,-5.958031,1.8264836,2.5257268,-5.8427353,-0.84944475,4.338311,0.48441967,-2.946576,-3.0438397,-4.703574,1.7369187,3.0056942,-1.4971741,-0.35540253
98,3.8293269,4.6060715,-3.277857,-0.17895246,0.59502023,-3.9751482,-4.406279,6.208072,3.3851988,4.6691294,2.4368205,0.488461,3.639941,-5.9183264,-1.4385283,-1.0363113,0.7507916,3.7141569,1.871658,0.98148066,-3.7383592,-0.54471195,-1.4743564,4.7235885,-0.2550376,4.7031245,-0.037215255,-8.407534,-0.25303942,-2.9254963,-7.1242647,1.908697,-1.8495312,1.1664894,-2.3127337,0.937084,-2.2080545,-6.8566155,-3.937802,0.039793573,5.134381,-1.1141999,0.12062963,-0.21399389,2.2608647,3.8611495,-3.392779,1.9648883,0.4302987,-1.5613593,-4.576858,4.4169087,3.9978604,0.9568924,2.7475572,0.6097877,2.13763,-2.6942637,-1.1636914,0.6046451,-2.666702,1.9108092,3.326586,1.4087638,-4.8774967,-2.6878421,-2.3313785,1.5298337,3.759508,-3.1665664,-2.5694423,0.503602,0.18227676,-4.186964,2.2177148,2.5929866,-0.6146586,1.2086211,-0.61910456,4.0415645,-1.6415927,3.7095184,-3.1417556,1.2875272,0.93645024,-2.9194486,4.1543446,3.774253,-1.6617129,-4.280289,-5.048903,0.13212879,-2.015472,0.96794915,0.03466954,0.82896984,-3.5666566,4.8304715,4.4580126,3.6558878,-1.734631,0.8323944,3.3097253,3.0591404,-0.095747866,4.3115344,0.15950656,1.7365551,-8.905856,0.36815244,-0.7983654,1.5322918,0.9959839,2.9060707,-2.3909035,3.474254,3.3009846,-5.351402,1.7434072,4.9372873,4.3880763,1.0114623,-1.6507263,-3.3009653,1.0475317,0.5804846,-2.7497416,-0.796012
99,0.63043493,2.7374895,-2.586754,0.47517604,0.20196791,-3.7428281,-0.82670075,2.6801753,1.8630732,4.3918095,0.42050225,0.30062884,-1.8198167,-4.257393,-1.6099006,-1.8249725,0.738459,3.1318762,4.241992,3.3292627,-3.7352555,-3.4401703,-1.1899943,0.68903506,2.8433628,6.0495377,-1.9875717,-4.576713,-0.048783794,-0.39714637,-3.2964396,0.3509849,-2.8104582,4.3762217,1.1802355,-0.46336976,0.7196499,-6.687875,-3.15661,1.0239292,0.23329964,-1.1666262,-0.36159423,1.0296206,2.037499,6.1989083,-3.2960536,1.7448362,-2.3067942,-4.357815,-3.1891637,4.315645,0.5083729,3.3560355,0.36938006,2.6805966,-0.19970688,-2.353678,-2.3123062,-1.4823416,-2.8156877,1.4835302,1.5430583,2.9801507,-0.6600259,-3.389224,-3.1037276,-1.5927036,1.2620445,-2.9149632,-4.157669,-0.3830764,2.7111778,-4.185467,0.283758,1.3780457,-1.615002,-0.6069779,-1.1797884,2.7633793,0.06120159,3.2156706,-0.39804107,0.9320229,4.1742754,1.0380974,6.0153937,5.1582756,1.1463356,-3.3865192,-5.6557126,-2.8217132,3.9444857,-0.26935944,0.7693617,-2.8724453,0.29200864,0.21590851,3.9465132,4.1940904,-3.0646353,-0.26906264,4.933762,3.1969645,1.1754086,1.5189859,-1.7279682,-0.21708289,-3.523943,0.7554482,0.9189006,1.6925995,3.647605,3.5451782,-4.0356565,1.331735,2.3317616,-4.858599,1.6112388,3.2114894,1.2591838,-0.7969808,-2.9832056,-4.6482034,2.2959828,2.1984324,-1.0406059,-0.2947777
100,2.965393,7.2553263,-1.8429649,1.849918,1.3833256,-5.549485,-3.4199345,8.776831,4.06788,6.296477,1.2868091,0.97228473,-2.3632443,-5.6394157,-1.171922,0.053280696,-1.8235414,3.214364,3.7519815,6.7361436,-6.5812826,-3.9543514,1.8953135,2.3842442,4.4726667,10.614725,2.8130264,-10.59036,0.56693137,0.81316096,-5.018147,1.1309979,-2.507106,4.0058846,-4.1981945,-3.1853824,0.13372284,-9.304943,-4.254554,2.477455,2.5667446,-1.6526623,0.2746991,2.9119053,-1.6053461,2.9711673,-4.410636,0.2279266,-1.4228712,-7.0442657,-2.3391912,7.2977853,6.2104073,8.957088,-1.1706738,-1.400245,0.28612682,-3.104735,-2.7358942,-4.516143,-1.3982536,3.9240375,3.2586842,0.105775505,-7.835243,-3.8664703,-2.0556767,-0.2030369,-1.115676,-1.8869085,-1.2590579,2.661771,5.259027,-5.590927,0.7538383,-1.3220905,-3.6113365,-3.477639,0.23160188,8.9228325,-0.9109426,8.167421,-2.967262,1.6614155,7.0299864,-6.175283,11.123815,7.5191145,-1.4276347,-6.703771,-7.641511,1.8684613,5.3625064,-1.0746837,3.3636749,-1.5128782,-2.7136981,7.8745794,6.2351127,4.4757648,-0.6595635,3.6691563,4.6335125,1.7386274,1.5439065,5.360069,0.8395395,-2.1042948,-10.51588,1.3554695,2.5038083,2.4608545,-1.906451,5.854565,-0.5882022,3.7933307,4.9186335,-7.4956155,2.401215,7.5782094,1.9408703,1.9919418,-3.9372215,-1.2919618,2.6651747,3.0391417,-6.987119,-1.4602857
101,0.510845,2.6950045,2.254368,0.43822396,0.17725256,-4.9463153,-0.19558524,6.4596896,2.7681668,2.4426556,-0.36056793,2.2274978,-3.0657804,-5.4693203,-2.7784235,-2.5129318,0.7437361,4.204772,2.5782292,5.110296,-2.9377332,-2.2803836,1.1587397,2.8895698,3.164675,2.2045116,-2.6757557,-3.303858,-1.534846,-0.9295416,-2.5677695,0.7846648,-2.7472656,4.2345667,-4.1497936,-1.7475318,0.28524148,-4.4445686,-0.9808016,-0.9602852,-0.296062,0.83656526,-1.7232114,1.529778,0.46183145,4.1792,-4.5030727,4.265156,0.2613334,-2.472063,-1.446558,4.591415,4.6448913,3.4655688,0.47560084,0.17869845,0.23205642,-1.7314746,0.59986174,-1.7362796,0.9915816,2.247691,0.29353017,1.8193498,-3.8104398,-3.6405983,-0.58472306,1.9535329,1.1795272,-3.5470986,-3.241444,-1.2318015,3.3902118,-3.3930423,1.2221265,2.2173336,0.6422853,3.7110372,-3.120461,1.4835801,-0.750596,4.0227323,-1.0691127,1.936641,2.438525,-1.1442022,5.1184773,4.098524,-0.8875105,0.41650593,-1.5984405,-1.4632404,1.7080193,1.2003442,1.2474755,2.1961677,0.81014454,3.1020167,3.989167,3.3859825,-2.7004757,-1.5745367,0.83794314,-0.5428237,1.9344989,3.2547526,0.76702964,0.17952695,-7.1534925,-0.35682967,1.2606596,2.95426,2.2519398,5.7489395,-2.0687385,1.8182758,2.1089554,-3.657817,3.267629,1.540824,1.3232576,1.4259971,-1.4306946,-2.4150872,4.8032494,2.0207012,-2.338224,-4.079114
102,5.7649636,3.2591493,1.336081,0.107429326,3.6946168,-7.7284184,-5.36874,17.240639,3.6189795,10.924511,-5.3431664,-3.6909456,-0.39022538,-7.735289,-4.683194,-5.560022,5.469483,4.383757,2.109732,8.183661,2.27005,-8.5879345,-5.1586213,3.0537803,8.205547,11.43168,-3.0969481,-9.435917,6.386148,-8.849663,-11.632409,0.5667585,-7.7959285,8.732214,-9.565197,-2.0712173,-5.8750663,-7.635182,0.94421554,2.8544662,4.0948462,-1.3782513,3.5730615,0.22804359,-0.4449632,4.849118,-12.746641,5.2489047,-7.8947425,-4.255422,-2.5754533,5.428355,10.740101,0.05107396,2.9697702,7.601035,3.6094964,-3.6529253,-0.2679238,-5.4332633,3.5094318,-1.4477512,-2.1751955,-0.8643358,-7.862097,-2.875608,3.3528016,-0.9366066,5.2376304,-5.2309747,-4.8490887,5.1022363,7.648021,-10.355946,1.4056675,5.313835,-1.2434703,-7.0315533,-5.8750353,6.746451,-3.2733943,0.30216095,-5.3118296,5.9040265,-1.7112579,-9.698211,13.425627,7.657712,-5.481508,-7.2148757,-6.274975,0.062490325,6.2692046,-1.0697509,1.4466618,-1.0164847,-11.43076,8.373135,3.0643125,5.3527994,-3.458376,-2.8571644,6.2514625,6.7917867,9.561578,7.582341,-4.1833835,-10.906913,-13.966471,3.180851,2.7705762,4.5900183,3.890983,5.142804,-5.711408,5.2042675,12.657284,-8.282717,4.593859,8.465818,-1.4828708,-3.595749,2.5759268,-5.0049877,7.943198,6.689986,-6.537185,-4.59646
103,7.4032884,9.120466,-5.1666393,0.015004981,4.168527,-3.4536736,-2.2324932,7.2918687,5.035489,5.741663,2.4740016,3.425118,2.4415557,-7.4859414,-1.8472941,-0.48793927,-0.11839703,6.3043942,4.019565,4.351069,-7.61024,-0.12945768,-1.9377494,1.2639226,3.5195236,14.298256,4.667458,-13.616337,0.8570616,-0.5076024,-6.69264,3.071314,-1.414482,3.0404854,-0.6487069,1.1391866,1.5431052,-3.9849737,-8.13668,4.7422194,6.1574297,-0.019255355,1.1075283,4.932667,-1.3625284,5.5977283,-3.5856805,3.059401,-3.0832207,-4.536362,-4.7809215,7.86223,5.147419,8.644919,-1.3587868,0.28222647,-0.46869227,-3.9601111,-0.321315,-3.040947,-6.6340094,4.10463,1.7056615,0.71184695,-9.2278805,-3.2723658,-4.637867,2.6198103,-0.44563267,2.155878,-4.580786,4.109658,7.198525,-4.932671,2.6009483,-3.9233062,-2.7912865,-2.3995686,2.640272,4.0582976,-1.3683472,5.3994865,-1.4814237,0.022629928,3.8947096,-4.074812,9.928624,6.085779,-3.4343896,-7.190789,-6.6189857,-1.9433,0.5599487,-0.079805925,3.497298,1.2740815,-3.3238406,4.1747236,8.703129,3.6851013,-2.5380297,2.8291893,6.363175,6.943038,2.4854422,3.0263166,1.2664777,-0.5633284,-10.286818,4.3322334,0.576702,1.7831297,-0.41765758,7.4309115,-6.697804,5.389102,2.9793072,-7.932056,4.230937,7.542918,0.4224402,2.3168333,-5.4304557,-2.4352195,1.8522637,3.9856615,-7.749921,-0.56051594
104,2.4781723,3.960207,-1.5627812,2.5989332,-0.28588352,-5.6486063,-1.3627867,2.5004163,-0.09722104,4.7574196,-0.704681,1.1579682,0.9731737,-4.0425477,-1.5420746,-2.2189593,-0.76219624,3.8827865,2.74017,3.2706456,-3.2492445,1.0594113,-1.2507463,-0.44301325,1.3501902,6.299905,-1.5989813,-5.475229,0.35273343,-2.8763533,-4.152994,2.2380383,-2.1618068,4.101229,-2.8719409,0.4804573,-1.8959501,-4.8594046,-3.9254827,-0.42706937,1.7088553,0.55318964,0.63550997,-0.61892295,1.6245683,4.2240963,-0.8441924,3.0860896,-0.1999111,-0.90643674,-3.2662184,5.019908,4.084317,2.0147355,-0.0528284,2.6204846,0.7455803,-2.4768999,0.3047134,-2.0035858,0.18243352,1.1169544,0.36002895,3.6077647,-4.3460693,-0.24790168,-1.2704101,1.0924826,3.2952712,-1.3754106,-2.6028218,-1.0571839,1.6797427,-2.8602362,1.3481638,2.0792475,0.9634444,-1.1311136,-2.9728456,3.4085424,-1.1682876,2.9152315,-1.4399414,0.34657803,2.51585,-2.6042724,5.2850685,1.3341539,-2.746377,-3.8586705,-2.6645174,1.6664516,1.9184344,2.2938461,1.3034425,0.4694513,-1.7359216,2.162654,3.909904,2.7753737,-0.3786853,-0.96963084,4.0509353,0.7098352,0.821506,2.8736205,-1.0805999,2.2071311,-4.045296,-2.2121243,1.5727681,0.010890406,2.9646943,4.31226,-2.9464602,2.384733,2.1481636,-5.234683,0.3776472,3.8322704,3.2103,0.2597584,-1.4310231,-2.1774883,1.2961562,1.5441865,-3.412649,-1.3438294
105,3.0450826,3.3496857,-1.3877296,-0.7256187,0.66476893,-2.7864046,-4.240989,3.9977205,1.6775478,1.8851537,-2.0917919,1.4729826,0.47547996,-5.19138,-2.4121168,-3.2522707,-0.46472734,1.4501898,0.32684475,1.2342787,-4.7613316,-2.3918564,-2.6918757,2.001119,1.2014992,2.939085,0.5692605,-5.589488,-0.771382,-2.7738025,-3.5984564,0.5488536,-0.83903986,3.4593015,-1.6460781,0.7722149,-2.2486656,-5.569491,-3.2590098,0.07981825,3.4379807,-0.16244671,-0.1364234,-0.59242564,0.16000117,2.8259332,-2.225522,3.1301765,-3.1109076,-1.7945405,-2.6185448,3.778892,2.7036736,0.6963546,0.937126,1.5774121,0.7833352,-1.7057005,0.0816694,0.45806646,-2.2044225,1.1862184,2.4243047,2.9575374,-2.319013,-0.03337033,0.81791335,0.8537016,2.0273058,-1.7386937,-0.7766985,-2.1202238,-0.051598452,-4.9099503,3.1212907,1.4372287,0.7582951,0.5698099,-1.8968496,1.6157407,-3.927786,3.5077524,-2.4333806,1.5528836,3.0826604,-2.2421675,4.2994556,2.156468,-2.584357,-1.5084726,-3.412125,-0.20297132,-0.64400935,1.116123,0.86935675,0.5292462,-1.1117626,5.0081177,4.1032543,1.4322703,-1.8423524,2.6228871,1.890243,0.7323401,-1.0163786,2.4382784,-0.41757274,2.2373772,-7.665385,0.28498137,-0.7122038,-0.79201156,1.1053836,1.2627542,-1.8797292,3.1207492,2.648977,-3.5573153,3.4903235,1.8352218,1.7167627,0.50936866,-1.5631648,-1.9701525,0.4563775,3.1895351,-1.7511587,-1.5545638
106,3.134057,5.15266,-0.8208776,5.4388466,0.7600917,-6.8218756,1.4928247,4.4359326,1.2215952,6.99176,0.37052009,1.52448,-1.5034511,-5.216375,-0.6926213,-1.177506,-1.3456537,3.8496134,5.021286,4.9654756,-4.750075,-0.2775318,0.9646484,-0.3244921,3.4200938,8.402608,-0.90744233,-3.9610507,0.11254053,0.25173727,-2.8557506,2.3371737,-2.8959544,4.129812,-4.5068154,-0.057214566,-2.3793197,-8.512418,-4.4725685,1.1398388,-0.23930143,-1.0734057,1.7554688,-1.822396,1.8962097,5.3089204,-1.7387117,2.598169,-1.4303689,-2.7220402,-3.3711264,6.053849,5.436495,6.1514316,-1.091834,1.6558267,-0.78506243,-2.5773935,0.79946655,-2.4397519,0.7101091,3.3596919,0.4437372,4.21169,-6.8535748,-1.120336,-2.6776154,1.3378637,3.6344585,-0.15726565,-2.9527867,1.098457,3.501156,-4.0217476,1.5858306,1.9163411,-1.1974654,-2.09326,-2.1550293,7.1477575,1.0347518,4.9037237,-2.3136585,1.8158365,4.3521643,-4.137886,7.4042144,3.4891796,-1.3018472,-5.7874174,-3.704688,1.0921382,4.331418,2.0602987,2.7557936,-1.8289092,-0.8886965,2.395603,4.517292,5.7707305,-0.43152878,-0.8360472,5.196552,0.17602342,1.9470567,3.7220373,-1.5023596,0.44054067,-6.1344786,-1.6614734,3.7181385,-0.057605714,3.6605744,5.3013844,-3.8774629,1.5395381,3.5085716,-7.030979,0.25187728,5.411616,4.289349,-0.71078444,-2.9537134,-2.8835366,3.0116224,1.1178447,-3.7559488,-2.612691
107,3.4760401,1.8746794,-1.4277625,0.6737705,3.1775541,-4.882939,-0.84414786,6.488487,-0.0060296566,3.8072665,-3.748455,-0.6591938,-6.5809155,-5.76122,-2.0433915,-4.3560762,0.045453787,1.454813,5.0962563,3.40762,-6.488108,-4.93731,-1.9304473,0.7237671,3.1211305,5.712803,0.32478037,-5.2740655,2.7660787,-0.9981984,-4.3197775,0.2640709,-3.846905,6.7477093,-3.0983617,-1.3697696,-0.7470702,-8.5513735,-4.7619805,2.7866564,2.920511,-0.8210363,0.9103579,-0.9233222,-0.8807707,1.851157,-5.8368363,2.332049,-5.183687,-5.382611,-2.6143494,3.219824,3.4000483,4.709388,-0.52523303,2.2431488,-2.3134193,-3.6693711,-0.09794321,-3.9603117,-2.023727,1.3416247,1.3867189,4.006556,-1.8209293,-3.0303109,1.1431599,-0.9208749,1.3844789,-1.5310632,-1.6220201,-2.258015,3.1386647,-5.274578,0.42936862,-0.29742572,-2.3047109,0.35488674,-4.561672,2.2256796,-4.1245947,3.439026,-2.0415838,6.1905065,5.737806,-1.0773759,6.8957877,4.4605026,-0.8028528,-3.004172,-3.0728521,-1.3146654,4.8895125,-2.1343834,1.6334875,-1.1419363,-0.26543802,6.8733554,5.5819397,0.69743407,-3.549203,1.8399898,3.3318818,-1.1380267,1.9555281,5.182364,-2.2551641,-4.468483,-7.918595,0.7167226,1.7765406,1.9100848,3.6206675,4.6013846,-4.109691,1.6786764,5.2628303,-4.430665,0.87574744,1.8671914,1.6222771,-0.7815044,-6.155577,-3.8282745,5.869959,6.5719104,-0.8517532,-1.2251582
108,1.6685933,2.7171307,-0.15841669,3.1566753,1.4253447,-3.8576703,-0.95199424,3.5298285,-0.51518244,2.775641,-2.2311795,0.9582303,-0.45457917,-5.0372686,-2.4123678,-2.2276125,-1.4439532,3.0487273,3.7238822,3.301569,-6.869715,-0.5376849,-1.1683004,1.7472444,3.8275392,2.7456534,0.3186655,-2.6804688,-3.5276055,0.2751841,-5.9041443,4.3321533,-1.0182991,3.0750802,-4.403687,0.33443984,-0.16831926,-6.053805,-3.2779524,1.0002437,1.2762535,-0.18597591,-0.08166332,-5.0990376,-0.96358377,1.6066104,-2.0780146,5.5191045,-2.5774207,-4.0665746,-3.467143,4.2935863,3.057878,0.32562265,1.4388791,0.8995768,-0.25648767,-3.2162273,-0.79253316,-0.58329713,-1.9384758,4.182591,1.6860259,4.03179,-4.523889,-0.33720326,2.596467,2.7801213,2.4544988,0.43463102,-2.3436754,-2.3816428,2.1051002,-4.2035613,2.391593,1.308732,-1.5887927,0.9639349,-3.5851643,3.5319824,-3.9426858,3.1777525,-4.3503923,2.8501096,4.896784,-3.0503154,2.2654111,2.7014945,-4.821465,-1.6022902,-2.13341,-0.9202536,0.8549423,1.8321674,3.0467572,1.7869105,-2.246813,3.6333764,4.841991,1.3548785,-2.096634,5.112064,2.4061744,1.5564529,0.11824158,4.114465,-4.315218,-0.77484775,-5.317264,-0.09750383,-0.2748028,1.1260055,1.9706349,3.3581543,-4.132048,3.26058,2.4762254,-4.498595,3.2899861,2.3415549,0.3032837,-2.9201403,-0.31835246,-4.3284883,2.9117832,2.6657562,-1.4984506,-1.5973125
109,3.2268472,4.7083073,-2.2413697,0.41577137,-0.7096148,-2.135525,-3.0576873,3.238936,2.3792374,5.289639,0.4028839,1.5034151,1.1095386,-3.103099,-1.7371053,0.8533387,-0.2690116,4.586773,0.19968955,4.8593845,-3.1358445,-0.73319465,-0.8051508,-1.2314993,1.8925743,7.4542556,2.349597,-5.181049,-0.6692662,-1.0162919,-2.8238425,2.8216746,0.33656177,3.1035712,-3.1312568,-1.92783,-1.9233483,-8.136559,-3.0235078,0.40168405,1.4722522,-1.4923415,-1.4850374,-0.33814305,0.24079145,4.5785804,-0.79221845,0.15342173,-2.7629924,-2.9483159,-1.6599371,3.670539,3.7160046,4.9503407,-0.39785323,1.2462636,-0.14730403,-1.5364506,0.7801388,-1.547282,-1.9896783,2.648193,2.0535214,3.2590256,-6.1919765,0.11457645,-1.5268301,1.7655853,3.162525,-0.28995666,0.32124805,0.00109008,1.8405383,-7.36047,3.2331865,0.5964002,-0.23548731,-0.19662684,-0.6147391,3.3103416,-1.2371404,4.042799,-1.7628156,-0.27743325,2.1871264,-2.7904391,3.3951495,2.7425299,-3.6255748,-2.1982863,-6.887187,0.99748635,2.085417,2.5649529,0.9420169,-0.3175744,-2.3547785,1.7225221,6.8317814,3.7607162,-0.3820718,1.7548839,3.327957,1.2784436,-0.14072853,2.6669881,1.0462515,2.3948424,-7.086728,0.9483788,0.58625686,-0.46851704,0.870577,1.6994255,-0.03539631,4.4029922,1.076418,-6.5972495,2.5831385,3.74789,2.7249053,-0.14951497,-2.278524,-0.21905541,2.888025,0.50667024,-2.47523,-1.060369
110,3.013922,4.3851194,-0.3732446,2.39132,2.242786,-5.525619,-0.4285966,3.9902,0.8516426,5.518302,0.1787555,0.59680927,-2.5373425,-5.7046223,-0.85894006,-1.8285657,-0.7256207,-0.48742846,3.0483038,1.4597701,-5.3633394,-2.3362138,0.52943,2.9083736,2.8671684,3.9075332,0.17812319,-4.87616,1.1680683,-0.4844733,-2.390171,0.62221557,-4.074333,4.424306,-1.7626028,0.18940687,-1.8449292,-7.794015,-4.3574247,1.6389943,2.6435306,-0.46167853,0.6812408,-0.43489096,0.8816347,4.2170277,-3.5217624,2.800432,-1.6961808,-3.2331052,-1.7579994,4.4987235,2.904273,4.4010353,-0.29262787,2.112756,-0.37475854,-1.1376219,0.64510316,-0.57469034,-0.10083927,2.274361,2.020109,2.985825,-4.3680773,-1.9525424,-1.3809533,0.954155,2.728645,-2.0472648,-1.623283,-0.7778096,0.9023898,-2.372516,1.6531587,1.2724832,-1.8147318,-0.8496213,-1.295351,6.1135936,-0.3727453,4.9000874,-1.4147617,5.087584,5.0204873,-1.5933523,7.4239593,4.263058,-0.5068074,-5.61313,-3.789154,0.4627223,3.5916886,-0.63238436,1.3209059,-1.9298074,0.5210102,4.3092732,3.4148846,4.064449,-2.685955,0.30156523,3.3112364,-0.037785318,0.873372,3.2952206,0.15797244,-0.34022754,-7.447723,-0.9114892,1.243234,2.13029,2.6140785,4.0797534,-3.2118685,0.1426011,3.2521048,-4.1757026,2.6340525,4.0202065,3.321416,0.3062019,-3.2390432,-2.3676558,3.0457754,3.451041,-2.5771508,-3.3037705
111,1.2915676,2.9972866,-1.8370405,-0.8805492,-0.012130728,-5.335554,-2.2724288,4.2196727,1.2854974,3.9512877,0.7886047,-0.10638798,2.854578,-2.9491072,-1.8288884,-2.0138676,0.7795383,4.2194695,2.174148,2.3088217,-2.6549165,-0.64326024,-1.2888471,-0.14372407,0.09562628,6.6987557,-2.932494,-6.862435,0.33814737,-1.6988441,-6.6835003,1.0971495,-2.158854,4.763274,-1.4845834,-0.8990768,-2.320129,-6.3423233,-3.67115,-1.9618082,1.9916639,-0.74878633,0.11504357,2.0379536,2.7717674,4.864309,-1.2884374,2.3406997,0.53115636,-1.1989185,-4.2469516,4.9263573,2.7444966,1.7362207,0.14948153,2.2337172,1.3104299,-1.5298766,-1.6506947,-4.097328,-1.0206437,0.5346536,1.1640074,2.6833968,-3.2692,-2.0253584,-2.43882,0.67249,2.960567,-1.9886752,-1.6441596,-2.448064,2.1253107,-4.265764,1.8181558,1.6503654,1.1004546,0.36413014,-1.720219,3.2355404,-1.5287817,2.946359,-1.3377995,-1.2712911,2.6727607,-2.309603,3.8500855,3.0801034,-3.1235912,-4.13998,-4.209535,1.8669918,2.0943298,1.6088462,-0.5415877,0.48646104,-0.6015873,2.204239,6.3910336,3.570834,-1.0850956,-1.8199613,3.4844368,0.46533015,1.3032697,3.7013323,-0.7975085,1.3917001,-5.946358,-2.315023,0.535761,1.8065454,2.2104893,4.5215163,-2.8605483,3.1875076,1.9881552,-4.3412786,-0.2560232,3.1034584,1.0075543,1.8201476,-2.6076214,-0.3570994,2.7420714,0.08119446,-2.5859203,-0.52902824
112,3.967173,2.7831302,-4.214891,-2.969663,0.76665956,-8.11655,-4.2725043,8.622381,5.142227,6.584703,-0.49702707,2.8799057,0.82138366,-6.1093745,-1.7301196,-1.9010224,0.9105321,6.428136,1.7634495,2.8977003,-6.929519,-3.2940342,-2.0144527,2.3353724,1.7650778,5.690821,2.6458201,-6.019252,-1.1612452,-1.4194026,-5.2269444,2.066673,-2.7422504,3.5045521,-3.4405317,-3.3306448,1.2866899,-8.267178,-4.271547,3.9997952,6.0525603,-2.0045404,-1.0791054,1.4146526,2.8884573,3.4771335,-5.5825243,2.771919,-1.9936086,-4.380531,-4.045514,7.277288,6.567246,1.6785728,3.5243292,-0.16037251,-0.48152488,-3.0984917,-5.1535106,-0.42778307,-2.295713,2.4860137,4.679139,0.6644673,-4.3525357,-4.987502,-1.5899328,-0.43856844,0.04038325,-2.495731,-2.6232655,2.8001475,3.3282847,-6.770972,3.2626584,1.1367489,-3.3319848,0.3567712,-0.6074406,2.1082976,-2.5787177,0.3405217,-4.202434,6.5680327,4.07761,-1.1181365,7.579363,6.085198,-0.69742566,-1.1935362,-8.323172,-5.0860634,0.22002436,-4.07687,0.32634753,2.7598958,-2.5460463,5.512552,2.2998877,3.8650908,-6.077805,2.5474725,1.6640041,7.4025407,3.085704,1.8561062,-1.8778086,-0.36992988,-10.121449,1.0636948,-0.05038015,3.0808961,-2.6157317,7.640009,-5.186759,5.93162,5.825859,-4.948878,1.6767645,7.021133,1.8662452,-0.2544183,-5.569706,-6.560826,2.8023946,3.105884,-1.2131699,-0.3311816
113,3.0092373,4.9345074,-2.3047469,0.805233,5.461182,-4.2651005,-2.407437,6.506179,2.6446738,4.3672495,-6.4676147,0.24975377,-2.9756277,-5.0327015,-5.1222835,-5.1489105,0.72212154,3.5137541,9.870445,6.5387783,-5.4773335,-3.152051,-2.915061,-0.9255149,4.876029,8.72085,-1.778458,-5.591583,0.4464278,-4.7843437,-7.8001394,1.4123344,-6.2009807,7.916662,1.5283415,2.4889076,1.4184897,-10.090374,-6.360963,0.5104584,1.1372489,1.1911845,0.6175922,-0.02550117,-0.06689465,6.232654,-6.708958,6.2402744,-5.5213304,-5.259717,-5.6222477,6.777891,3.196139,3.017859,3.9940143,6.0304585,3.8432653,-2.7227356,-1.9502835,-1.4937588,-3.4884927,4.033798,-1.0668584,3.0225666,-1.7861652,-3.376839,-3.5973713,-2.3940432,5.0314593,-2.0723016,-7.8429537,-3.7101169,4.624456,-7.249378,3.095892,-0.59731954,0.7742164,0.077978164,-6.7055836,1.06305,-1.444832,3.9320831,0.6214178,2.3260224,5.2201195,-1.838718,7.7055125,8.42278,-1.5218625,-6.1882133,-7.263228,-4.5499287,3.368623,1.1609763,0.28797418,4.637333,-2.6824868,4.678332,5.6088495,3.0222404,-2.5471144,-0.38451186,7.5289416,6.7091002,4.542695,3.7149067,-2.8101218,-3.3622391,-10.649373,0.6781043,1.9967278,2.18802,6.1544375,7.0985336,-4.76054,5.3187814,3.4540963,-9.756611,4.0680523,7.6860404,-0.6224211,-1.2776707,-3.8069067,-5.7216315,6.7482533,4.486172,-1.253477,-0.12237328
114,5.861231,6.6608567,-2.7352757,3.557617,-1.093916,-6.5999656,-0.19560295,7.0587964,2.6013627,9.084804,-1.0171298,3.002593,-3.0143764,-5.994771,0.055405743,0.027325168,-3.4232092,4.72631,4.398472,5.9663043,-8.150627,0.46679825,1.5337083,1.5619699,4.972773,10.446636,1.5262091,-7.4329505,-0.83269143,-0.12454477,-3.6290317,0.61167955,-4.2096767,3.549935,-6.221897,-1.5703903,-1.5864532,-10.000867,-5.443504,3.772959,3.1155782,-0.3041941,1.5722086,0.36691082,-0.39640915,4.511614,-2.9734416,4.491577,-1.8442508,-5.1208386,-3.943737,8.349553,6.978099,7.942075,-0.35907784,0.86967057,-1.3347065,-3.1559548,0.9406023,-4.4134035,-0.41840056,3.5451949,1.3330791,5.7517214,-8.786997,-2.111207,-1.599196,1.2109555,2.0160794,-1.025196,-3.1853492,1.1901608,4.5638323,-3.4507756,3.1402445,1.0950794,-4.399266,-0.9296999,-1.3039974,7.8230543,0.34578806,5.9975014,-3.0437667,5.8654656,6.2118163,-3.6631167,9.704105,4.471602,0.13131101,-7.0005074,-5.7859187,0.679185,4.548749,-2.3218272,3.8759906,-0.807867,-1.1622989,6.06389,6.1200337,5.2788076,-2.7982478,-0.06144943,4.3879614,1.2591947,1.884575,6.716623,-1.3031045,0.35199377,-9.655386,0.52805245,2.9671755,1.7936394,2.821569,8.832127,-7.1982837,2.0366902,5.880916,-8.066794,0.8048243,7.107865,6.8099914,0.07886241,-4.684867,-3.9362638,4.243778,4.3449163,-5.3435917,-2.4434035
115,3.226027,4.5775957,-1.1083919,0.81721926,-0.3822154,-1.3917485,-3.1940088,4.647851,1.1315051,2.5358672,-2.0239966,-0.48090568,1.1277916,-3.2696848,-2.421268,-0.5155281,0.65234447,1.649436,1.0363966,2.6733797,-3.1850314,-1.4094651,-0.052008573,-0.9974678,2.941944,3.0686214,-1.2368973,-3.9481916,-1.7079775,-3.207446,-2.1603818,-0.45972598,-3.9764206,2.2082503,-0.62744296,-1.0425173,-1.1162031,-7.12003,-2.1372287,-2.038471,1.7135017,1.3509479,-0.7325174,-0.97463864,-1.2164693,3.2239268,-3.7475276,2.043914,-3.479019,-1.6474984,-2.0930138,3.2588248,2.9138224,0.74010515,1.9779438,2.9529617,2.1623847,-1.8850816,1.3360356,-0.26165926,-2.088667,0.8627116,0.9284378,1.2659624,-3.4684103,-1.7194644,-0.6414282,1.036712,2.4390633,-0.6774514,-1.9048116,-2.0607476,0.98647827,-3.5316575,3.1657836,1.9184579,-0.4119866,-0.48952132,-0.827103,1.6499914,-1.8861734,3.183715,-1.3170053,1.475794,1.9410324,-0.9909573,4.1378336,4.6045856,-0.78431046,-3.3579879,-4.353725,-0.52126944,0.5713295,1.3325669,0.6423825,-0.07785891,-1.0543218,3.3137763,3.9282095,2.8142061,-1.5426329,0.42457283,3.3109818,1.8464144,-0.36188373,2.0358357,-1.2434075,1.2325772,-7.3493495,-0.6872679,-0.6845702,1.6623048,3.2882624,2.0390024,-3.6634464,3.3490703,2.5445962,-5.265191,3.69512,4.5444503,1.5257602,-0.8092792,-1.053822,-1.0856684,2.027403,1.5053238,-0.7752901,0.53308445
116,3.9232621,5.8372426,-3.1225166,0.42701823,2.5510116,-7.8022575,-3.1999345,6.5049605,1.1415734,4.860516,-0.9528744,-1.8007959,0.61201733,-6.6234083,-2.0392034,-4.45337,2.911628,5.413717,6.4580584,5.1615157,-4.5049386,-2.2321687,-2.9833574,-0.8957083,3.6417718,11.316386,-2.8397648,-8.752036,3.6784508,-4.0686193,-6.3492227,0.5992574,-5.480722,7.800898,-1.7889624,0.93509215,-2.7055058,-8.906315,-8.219596,-0.37631875,1.8002931,0.032425657,1.465003,2.3265843,5.3831563,6.767056,-2.8571453,4.6715493,-0.4419486,-1.2754287,-5.4621267,8.144896,3.3656192,5.4909353,1.6537648,5.0160556,1.6320747,-1.4678342,1.4483421,-4.7050705,-1.8571621,0.60904324,3.6666157,5.1206436,-3.9687853,-3.0040152,-3.3967476,0.39445552,4.121461,-0.681485,-4.9323177,-2.7365248,2.4107614,-4.055018,1.4851832,1.7481786,2.694443,0.7891034,-5.136834,4.8919063,0.19892761,2.4259486,0.5074846,-0.14390273,3.208294,-2.874014,6.061434,5.0394254,-2.6800418,-7.8994436,-4.5977664,0.8107024,3.971467,3.7937098,-1.2651255,-2.2576993,1.9325066,2.5432284,7.5187902,5.4780912,-1.3767204,-3.4448156,7.2454987,0.48609993,3.4939797,5.763866,-0.58442223,0.5570086,-5.7209945,-2.3894188,2.968046,2.1901922,6.896307,5.278227,-5.432347,2.0068772,2.7414258,-6.827742,-0.63826275,3.8672776,1.1490585,-1.8957927,-5.4212704,-3.9425118,3.7673938,2.2781317,-2.994293,-2.3084035
117,5.844078,8.8723135,-5.2461576,-3.2878194,1.0515189,-5.4300632,-6.853119,6.355717,5.6187367,7.0933805,0.07346746,0.20728588,2.6363032,-5.1762543,0.54197526,-2.3989384,-1.2552023,6.9289293,5.5712385,4.849446,-8.960371,-2.1415253,-3.6083193,-1.2053492,5.224335,13.395205,1.5070904,-7.2333927,1.9540693,-2.6847007,-7.054913,0.5314752,-2.7680008,4.2163653,0.0161742,-0.032378986,1.013988,-7.7605357,-7.318325,5.071911,5.459025,4.869446,-1.3402649,1.9369967,4.835136,8.5851965,-4.2651024,5.117719,-5.683223,-4.555316,-6.0012126,11.2290745,4.4880447,3.6445613,3.945007,5.3984003,-0.11285673,-1.2614294,-1.1604326,-2.2410262,-4.5252323,2.9203312,3.6383479,3.0705879,-4.458881,-2.149255,-4.2522783,-0.88869935,1.7704494,-2.4513457,-3.9406748,-0.08440809,3.4860513,-4.292329,2.9170716,-1.9972162,-0.42712504,-1.5957828,-1.9372892,0.5306821,2.13102,1.847976,0.14139326,5.2857533,6.410924,0.5554436,10.465333,8.2733755,-0.16672528,-5.3675227,-12.469035,-2.8933852,3.5874918,-1.7992249,-0.13808772,2.7754316,0.1125267,4.1936345,2.6041782,8.729084,-5.486402,0.021687657,7.6401453,9.345564,3.6182787,2.2714903,0.14979078,2.9612377,-9.252406,0.42362645,1.62919,3.3321214,2.0512369,5.6678214,-7.64148,8.450708,4.1795955,-8.80368,4.424504,9.442489,3.3067455,-1.2066884,-5.2530103,-5.5477405,-1.2928168,3.168078,-4.563966,-1.2341334
118,2.3310804,6.783514,-5.8296595,-1.9467233,0.7580584,-7.8300543,-6.4811206,0.30258256,5.2928286,9.381893,-1.0901029,1.6722833,-1.2365102,-6.123137,1.584397,-0.098220766,-2.287154,7.3020554,6.0609922,3.9371564,-9.57,-4.535264,-2.578581,1.2118102,4.9994287,12.398371,3.8462193,-5.8097935,-0.14133215,-1.844498,-3.8808475,1.2872533,1.7343735,6.0460787,-0.17227995,0.082556374,0.26535186,-10.191492,-8.411419,7.109846,5.0923166,0.75508064,-1.690007,-2.125325,5.212561,10.402484,-1.0774165,2.7260041,-4.8652725,-6.2935414,-5.957705,11.844009,4.38154,4.7893085,2.8996754,-0.14571878,0.039322335,-2.7267487,-2.8795912,-0.91081476,-3.2088025,4.135618,8.366416,5.613979,-3.3025641,-0.6798855,0.6136877,-0.38847518,1.020164,0.6324253,-2.3826816,0.47875145,1.7675197,-4.2801285,1.9136007,-1.3138262,-3.9995463,-2.4405942,0.07112504,2.0721605,1.1115726,1.1621294,0.34278724,5.6627984,8.930913,0.42410064,7.5776715,4.9512434,-1.2383938,-4.7956905,-14.2986355,-6.5832577,3.2488358,-1.3400066,0.4509356,-1.0206084,2.019751,3.790965,3.177114,4.2168612,-6.330792,1.8836138,5.7265444,6.86845,5.0882273,3.586276,-0.45517296,3.376953,-5.9764686,0.84621215,-1.2256297,2.402826,3.7579632,3.9303281,-5.1389623,4.913103,4.2832923,-5.93461,1.6441522,4.7827406,-0.18973312,-4.6659346,-4.7335405,-10.490425,-2.0904005,6.218021,-4.4857025,-1.5820963
119,3.7252798,3.2616324,-3.7013607,-2.788368,-0.36194962,-6.591298,-5.0971274,6.571628,3.6822467,8.036234,-0.11378714,1.1915617,-1.7955313,-4.142296,-0.7221666,-3.083309,0.5367728,6.8018956,3.0452938,6.751241,-6.503936,-6.0227222,-3.954252,-2.7182217,6.3749475,10.166836,-0.15721664,-5.1636863,1.2433832,-1.6718935,-3.7355556,1.4294962,-2.5176444,5.7684455,-2.7929423,-3.9629152,-0.5204283,-10.060357,-3.681951,4.7980533,1.6099619,-0.91591907,-2.1589632,2.7092662,3.363644,7.518214,-4.146768,0.724197,-4.2423577,-5.648052,-4.4258275,9.098935,5.9381137,3.9420857,1.8460251,2.7228143,-3.6362479,-2.7846434,-2.464575,-1.9825573,-2.1964326,1.3262186,4.056526,2.959177,-2.2475471,-4.308052,-2.621414,-1.8151474,0.28456205,-3.2839649,-2.2844267,0.70556444,3.721187,-7.933243,1.362132,0.7577898,-0.9724024,-0.5347275,-2.2697434,0.5037975,0.012867228,-0.33280852,-1.2625904,5.752331,6.04473,0.8641571,7.882947,6.5197783,1.0062833,-1.8230422,-11.34112,-4.0193925,3.857236,-2.3120654,0.1363675,-0.38556668,-0.5251808,2.6858823,2.4289346,6.4962764,-6.3284664,0.5908333,2.8423035,5.881977,4.2919574,1.459959,-1.8926687,-0.0768068,-6.3126063,-0.45332712,2.9397197,2.904001,1.3330842,4.069361,-4.9335046,4.698335,5.678125,-6.432923,0.88288724,4.3857884,1.023604,-3.0641494,-6.245311,-5.789576,3.4000902,3.8045096,-0.8293628,-1.5627524
120,4.431107,5.7615595,-0.5766779,0.4966247,-0.007522151,-2.1965275,-1.7119083,5.5179358,1.0321761,5.2136188,-1.6549817,0.8169986,-1.3630996,-4.7145095,-2.3129435,0.31558722,-1.3440229,1.4477873,1.0382801,4.129632,-7.3611307,-1.2672108,-0.042971544,0.18885621,5.044098,4.3564105,2.464903,-4.1564045,-1.0318086,0.40903032,-1.732837,1.722532,-2.9019082,1.6569581,-2.9611151,-2.3906255,-2.1591468,-8.977387,-3.5403883,1.7990911,2.5069246,-1.5555208,-0.47022763,-0.7709406,-2.0397933,1.7959785,-3.081969,2.403447,-3.0201745,-3.522541,-1.1467382,3.760353,3.1827135,4.5249205,1.0974381,2.0074034,-1.0111792,-0.30720904,1.0040606,-1.9768814,-2.4948926,2.7429342,1.4059811,2.1607058,-5.779946,-1.878231,-0.4363346,1.3428696,2.6957169,-0.06668114,-0.85782886,-0.39832166,1.6178217,-5.9621444,4.1867876,0.5297494,-2.1688244,0.48968044,-0.26139417,4.408848,-1.2730683,3.7372255,-2.448824,4.1116242,4.0951967,-1.951725,5.195723,4.8462195,-1.7107539,-2.592674,-5.5429964,-0.74998194,2.5633423,-0.5173518,2.1331174,0.06642822,-1.5279303,3.888227,4.835984,4.3819685,-2.3947988,2.8879979,2.3783321,2.1491547,-1.4757491,2.668631,-0.9741633,0.08553389,-8.60878,0.6400399,-0.23056027,1.7322187,0.30811453,3.8066053,-4.590183,3.7938492,2.9064195,-5.6841393,3.6929321,5.4710956,2.0139208,-1.5473396,-2.7362795,-2.385558,4.0285907,3.262042,-1.7878115,-0.8499521
121,4.663925,4.2185807,1.6053432,1.4909487,4.144278,-6.2226996,-2.3456392,8.718598,3.0594254,5.2993093,-1.3080344,-0.8987132,-3.7280679,-4.257141,-4.6741476,-3.130526,1.5958649,2.0084054,5.243558,2.5626311,-7.518466,-3.3997262,-1.5448214,1.657524,7.2956796,4.857526,-1.7572137,-6.888806,2.2078412,-4.6162777,-5.8576407,2.5771961,-5.928177,5.6598573,-0.8256973,0.50947464,-3.4147606,-9.017268,-4.088832,2.727982,4.1470823,-1.449563,1.0331961,-1.2599316,1.3378497,7.1957436,-8.649391,3.703942,-3.2764535,-4.0927286,-5.0138807,6.795523,5.4176655,2.2843344,1.2699314,5.042125,0.2298205,-2.848983,-0.46747428,-0.6482509,0.39445838,-0.297069,0.5558721,2.1128957,-3.3562186,-3.3808577,-1.3349595,0.12991402,5.32214,-2.2150311,-5.482187,-2.9891198,2.7920969,-5.45248,1.8213627,0.3956339,-1.4395589,-1.3840177,-4.282715,2.1257203,-1.2268678,2.135332,-0.1658428,6.3838744,3.227762,-1.6245432,7.1813135,9.061633,-2.4254928,-5.348104,-4.6650763,-2.1104472,3.8385499,-1.7647822,0.2134356,-1.5088947,-2.617158,5.2287683,3.11479,4.0072713,-3.6023045,-2.7761278,4.593735,2.1280687,2.3449144,5.4753146,-2.1731443,-4.2921457,-10.063866,-0.3878569,3.0637095,4.467604,6.139008,6.2208314,-5.0763445,4.8723674,6.2585564,-4.9932523,3.0514584,5.8622346,0.31632718,-4.7116,-2.3637936,-6.1540613,5.6364694,3.0716038,-1.7844584,-1.7771515
122,3.9267862,4.8577275,-1.0067962,0.6999946,-0.13422267,-2.9905407,-0.043477252,5.614551,1.8194649,5.7595425,-1.8874879,1.4789617,-4.1647496,-3.9061425,-1.5570499,-2.2790222,-1.6038895,2.010423,4.801676,5.963691,-7.751383,-1.2321061,-1.4093575,-0.5399885,3.7438831,5.5250607,0.65111715,-3.168733,0.43543175,0.42930296,-2.7200885,1.7803073,-3.974746,2.1109257,-2.8355443,0.3151243,-1.2089243,-7.3438697,-3.972672,3.2627296,2.3186557,-0.91078216,0.7864773,-1.1204174,-1.156969,3.1519465,-4.2074814,3.6884382,-2.0143845,-3.8595655,-2.6967654,5.2189693,3.7840202,5.049523,0.70689195,2.140291,-2.104606,-0.7908118,0.09744703,-1.1972846,-2.2966726,3.6037126,-0.6391119,3.5005317,-3.8104954,-1.7894503,-1.9494373,0.15749323,2.1895852,-0.42283207,-3.321868,-0.8630089,3.4457333,-5.2396865,2.1616318,1.0631435,-1.6408747,0.38334554,-3.383245,3.3470533,0.24903902,3.3388252,-1.3657376,4.6777277,3.4224591,0.16443011,6.8151517,5.814428,0.30126783,-2.98422,-4.422981,-2.0728743,4.054733,-1.8287135,2.7284756,-0.28457826,-0.3955391,3.87086,3.4313521,4.707279,-2.7715216,1.3456036,3.3737404,2.6216638,0.16905707,3.177554,-3.3428686,-1.4376715,-7.9174457,-0.08562682,1.8736069,1.6409264,1.9280394,6.63137,-6.350013,2.9919114,3.5151687,-6.6915374,1.9417341,4.4368157,2.600445,-1.6765661,-4.2672186,-3.5064619,4.2594824,3.0653136,-1.9314233,-2.2256935
123,0.71520925,6.1788073,0.18399823,0.3410476,2.4520023,-5.040064,0.011908697,2.1080828,0.990053,4.997858,-1.13964,2.8282764,-2.168748,-3.9945796,-3.469079,-3.0485644,-0.4393339,2.2310164,3.929978,1.1583276,-7.090345,-1.252135,-1.9568477,1.5012344,2.5111673,3.0857375,0.8477401,-3.4814472,1.227754,-0.4101765,-4.6637526,3.5820386,-0.65786827,4.568127,-0.735608,1.4131651,0.60486525,-6.4282393,-3.1827235,-0.92881703,2.322141,-1.9487066,-0.09248425,-1.7346804,1.0372198,1.5501264,-3.5388563,4.216144,-2.283205,-2.390384,-3.0320551,2.0864553,2.004672,0.8688044,-0.2450251,1.9321867,0.068841204,-1.1981419,0.50465614,1.0641775,-0.65623164,2.103208,0.3028441,5.976521,-1.5417445,-2.2797635,-0.16975702,-0.3262389,4.7834945,-0.3833571,-1.4105556,-0.8432821,3.009317,-6.8146687,2.9655156,-0.5753878,0.85992026,1.8036755,-3.377119,2.0590994,-2.226594,4.966696,-1.0960826,2.7763755,3.017493,-2.5835145,3.5981152,1.7752173,-3.910111,-0.21454297,-3.099972,-2.5804856,1.3890754,2.099913,1.384023,2.4378436,-1.6260135,4.883944,4.000306,1.3700348,-2.127636,-1.3085847,3.707871,2.0438647,0.413743,3.892902,-2.1218839,1.4370353,-7.5794396,0.9491519,-1.3460709,0.09242439,2.172659,4.6271596,-1.1722596,0.87641305,3.0254183,-4.1320877,3.8678286,3.9456692,1.3472716,-0.3948343,-2.5860944,-3.2602193,3.2694366,2.9273462,-1.0932571,0.7521663
124,4.388973,4.8503804,-1.7232511,-1.4346192,-1.9646708,-3.23098,-3.3022442,6.4725394,1.4514002,5.5596247,-0.5042853,1.4134133,0.50244707,-4.130254,-2.368614,-1.5561991,-0.3728857,4.8383102,-0.51712674,6.0506406,-3.9815733,-2.1301243,-1.4171375,-2.137564,3.5378916,5.635638,-0.7488683,-3.331844,-0.21595068,-1.4034737,-1.5246557,1.1078289,-3.614714,4.0236006,-3.8480222,-2.9689097,-1.8618901,-10.181983,-0.715703,-1.0704095,0.7199511,1.4327686,-1.2916225,0.947512,-0.23795366,5.1561484,-4.5068526,-0.13334773,-3.6924267,-3.3620842,-1.8621205,2.7440693,5.8469634,2.9514608,0.6219661,3.311218,-1.0727926,-2.1857874,0.12895083,-2.6600423,-1.9948022,2.4436026,-0.0068416,2.3610675,-4.7905207,-1.8869283,-1.4241717,0.8612532,0.9923731,-3.537474,0.1376728,-0.10354908,3.2183836,-7.48017,2.5066516,1.3386052,-0.3339968,-0.5538699,-1.6938485,3.195318,-0.672943,2.921447,-2.329912,3.5735888,3.8223279,-1.3995503,6.702137,4.047058,0.24989325,-2.7019296,-7.3625426,0.3427849,3.01662,-0.27628815,1.5242051,0.6043766,-1.0749215,1.7064449,4.9790154,6.2794094,-3.5550327,0.9311799,1.3491516,2.9844341,0.41592458,2.4863596,-0.7389121,1.3454608,-8.742791,-1.2182782,1.1688519,1.1315528,-0.30752856,2.6790965,-3.7201478,4.5929856,2.7238216,-7.023318,2.1806865,4.4426537,2.513412,-0.3226836,-4.3323493,0.122008085,4.3843904,2.6851747,-1.0104313,-1.4876837
125,2.7539067,5.889089,-2.1933668,-0.8517821,4.1021733,-4.981426,-2.6817558,4.632564,4.505348,4.711014,-1.9827577,-0.18565395,-0.8956613,-3.5584095,-6.136262,-4.445865,0.020328732,5.059544,7.400031,7.295836,-6.299411,-1.0808486,0.564307,0.33405516,5.4755073,6.202923,-0.77534956,-5.938163,0.96013844,-3.3158302,-7.1102858,3.19233,-6.498202,4.916924,1.5529901,-0.24414048,3.482256,-9.6920595,-4.0744176,0.36147165,0.60365045,1.3310182,-0.85263276,-2.7480867,1.3473853,6.640525,-9.598826,4.109425,-5.2901244,-5.8500476,-4.0138435,4.1355653,2.4827542,-0.98127663,4.9866295,5.518703,2.5954216,-2.5237956,-2.2215607,0.9673722,-1.7568479,3.3835583,-2.049581,1.7441916,-3.3135374,-2.8851297,-1.8632184,-3.7591672,3.7811768,-3.5592182,-6.686424,-0.23139603,5.868175,-5.7695336,2.156789,-1.6708125,0.71249187,-3.103122,-5.1650004,1.4246715,-0.22520614,4.2473307,0.11631444,1.5031306,3.5031018,-1.6640599,7.9831586,8.446424,-2.0269578,-5.606263,-6.9446964,-3.6741552,3.331196,-0.82187855,-2.4483442,2.8593695,-5.2804875,3.183455,3.0369127,4.288516,-2.529169,-3.3903267,5.495971,8.933546,4.7088075,6.3533373,-2.4618971,-2.8135982,-11.140467,1.685733,-1.4698284,1.683267,4.580695,6.0652905,-4.163864,7.610217,3.6782033,-6.900472,4.717031,9.961417,-0.2841446,-1.3317314,-2.5485365,-5.361077,6.34059,2.2796428,-2.543457,2.131864
126,2.2467878,3.6938317,-1.3827484,1.2948899,-1.7700573,-4.5487175,-0.75722295,3.8295891,0.95797515,3.3317108,0.43482676,0.1255424,0.8970035,-3.5123417,-1.6768702,-2.170594,-0.8346096,5.1669817,1.3574352,4.2009773,-3.110657,1.2758176,-1.405698,-2.33487,1.1471719,6.181104,-2.5068202,-4.368316,-0.41716403,-1.0968198,-4.079715,1.2181423,-2.2043533,3.7609205,-3.313046,-0.59290695,-1.5897894,-6.001216,-3.7709618,-1.5968704,0.24737664,1.1763065,-0.20064142,-0.61959493,1.6839422,4.843285,-1.4020724,2.5398095,-0.7766802,-0.7475417,-3.7719371,5.3923993,3.7720134,2.8340294,-0.4127109,2.4053028,0.27980274,-2.2999513,0.45372465,-2.8135893,-0.97349447,2.0996077,0.38350248,3.2128465,-3.9438722,-0.6087089,-1.3313394,1.2091131,1.8243711,-1.6750457,-1.5272766,-1.5667366,2.80305,-3.7499397,1.8155593,2.6156745,0.78263927,-0.7553077,-1.7130759,2.649171,-1.6874927,2.7710907,-2.1211627,-0.8423191,2.5234702,-1.6645563,4.063618,2.4181132,-2.2537754,-3.587957,-2.4777763,0.49099013,2.2076073,2.086568,0.24406366,-0.06377636,-0.077399425,0.9954355,5.123194,3.8764367,-0.31508422,-0.31990418,3.4170856,0.49174452,0.5292463,1.975136,-2.2990103,1.9465885,-4.3055606,-1.8913964,0.92185694,-0.16094601,2.6293137,4.4029684,-4.0085125,3.1152222,1.5643544,-5.7884483,-0.25203082,3.0736215,2.6585546,0.37062293,-2.4066908,-0.73703927,1.663968,1.2367789,-2.715157,-1.1192179
127,3.084805,7.3209887,-2.5545228,1.9784108,0.8060105,-6.5547028,-2.9126287,5.1682916,2.8284965,6.4872484,-0.019890478,-0.863668,0.716231,-4.2260823,-1.088028,-0.08081899,-1.5561744,3.4468086,3.4876623,4.0564785,-3.8260622,-0.013096066,-0.63253933,1.350197,1.148284,10.335952,-1.146753,-7.4288244,2.7535453,-3.740284,-5.691978,0.40938225,-2.8764386,4.8106685,-3.3128538,-0.7405014,-2.578587,-7.0487537,-6.618355,0.24147631,3.3130617,2.0007641,-0.38438433,3.1972768,4.4502754,5.1735907,-2.641401,4.813579,1.1209599,-2.1645865,-4.676706,5.578068,4.5791655,6.118135,1.0917857,2.619225,2.5975964,-0.65503323,-1.4913315,-5.5018063,0.5308037,1.1934334,3.2459662,2.8625865,-6.11638,-0.5002835,-1.2825233,0.46333316,1.9959911,-2.7673678,-0.80340815,-0.25379673,2.0029821,-4.3168397,0.15512113,0.7093333,0.76570666,-2.1653101,-3.2820609,5.230111,-1.4420063,4.4695554,-0.7369652,1.956611,4.6750665,-3.2285497,9.7521,3.949672,-1.6770532,-5.1867976,-4.9265904,3.5789325,5.767557,1.458144,0.54428965,-0.6712179,-0.65180945,5.7950473,4.971789,4.653786,0.69519985,-0.7505414,7.0978327,-0.8729535,2.565355,4.249581,2.6690624,2.39772,-8.054326,-1.4913487,2.3228421,4.1966696,2.433053,7.250745,-1.3943318,4.145933,4.1312914,-7.4308143,1.8332064,6.4791117,5.3580356,1.968967,-3.349059,-0.99256885,0.17859085,1.5803756,-5.331669,-0.687256
128,4.3632894,6.5189652,-2.0001538,-0.49891803,1.9327781,-2.3993785,-3.6491067,5.5566406,3.5251284,4.9896083,-4.1416583,1.3264898,-2.0142589,-4.890434,-1.5532106,-1.905824,-0.09788415,2.4860382,4.5781364,2.454893,-7.534335,-2.3274093,-3.0984914,1.9474779,3.354152,5.018957,0.5663114,-4.622806,1.4607912,-3.4609437,-3.550384,-0.56868446,-2.8242106,2.8513646,-1.7532516,1.4556581,-2.3413203,-7.8284364,-4.4100037,1.8428259,5.354108,0.22002703,-1.5516648,-0.20802082,-0.177922,5.8251767,-3.5670729,4.9627333,-1.9598455,-3.7446043,-3.555721,4.088947,3.4847307,3.3655431,1.3881023,2.7015958,1.3005236,-1.6503953,0.98308843,-0.60338265,-5.037867,1.2688044,3.387474,4.445373,-4.6682405,-0.055230074,-1.1716573,1.9338838,4.739823,1.2035961,-2.4632266,-2.925151,0.8528589,-3.6495187,4.720071,0.57840985,-0.8447783,3.5549223,-3.3850462,1.327546,-0.22679015,3.4515927,-0.4284327,5.3725038,3.157036,-0.5366257,6.4557066,4.9170547,-0.27031952,-5.671312,-4.7923217,-1.5925792,1.9956999,-0.42310518,0.28436732,-0.9371647,0.9752318,5.694047,6.388586,3.035094,-3.4916067,0.69499695,4.8833857,0.31173298,0.8650963,4.011814,-1.53138,1.8383011,-8.164818,1.4546119,0.64544594,3.4618745,3.2475429,4.5705814,-3.7866836,3.4342883,4.0605936,-5.1194873,2.5706475,3.953362,4.0225573,-2.6972632,-3.9168887,-4.3946548,3.7282808,3.947586,-1.0248184,-1.1253636
129,2.6266036,3.9088235,-1.0842127,-0.5136911,-0.14223781,-4.7324076,-3.4922023,5.6586027,1.8945812,4.2073827,-2.0083537,1.1156311,-0.21398647,-2.914889,-0.48146293,-3.7081578,0.7362162,2.063706,2.521945,2.4919443,-3.3968568,-2.290503,-2.8588414,1.5249461,1.2398612,3.225332,-4.144848,-3.4126265,1.3217485,-3.528929,-4.9206696,-0.50345826,-4.61676,3.6288025,-1.730812,0.72332686,-0.74369097,-6.2273855,-1.7522311,-1.1137457,1.7584473,1.349338,-1.1255664,0.9230123,1.0318657,4.5807962,-4.851406,3.811516,-2.6302142,-1.8758142,-2.9363086,3.3019369,2.757225,-1.0898634,2.2770298,3.605072,1.20338,-1.4820807,-0.48850513,-1.0784764,-1.541691,0.54488426,1.5991011,2.1569767,-1.552654,-1.6600587,-0.9360974,0.2656114,2.9962952,-3.4443176,-1.9704095,-1.2299367,2.32924,-3.6411605,1.7925801,2.641852,0.75320274,-1.031069,-5.0506063,0.77641994,-0.67694193,3.0378447,-2.928671,3.8269925,3.2018168,0.3619578,7.3011637,4.4250107,-0.5629272,-3.2896066,-3.368525,0.09359221,1.4782405,-0.32009524,0.08855003,0.40167737,0.59795105,2.7087843,2.0021164,4.9788594,-2.8187919,-1.1686646,3.920566,2.7609713,2.8810313,2.6352007,-1.5211719,1.5988716,-6.4508386,-2.058623,0.73868144,2.3899574,1.6472839,3.790992,-3.086048,2.6681468,4.39603,-4.9937024,2.9523637,4.4095516,2.2323189,-0.077678464,-2.720191,-3.00748,2.3564043,1.4453194,-0.2743433,-1.2031502
130,2.4327033,2.8226616,-0.3586739,2.6593344,0.20953768,-4.0223904,-1.2544557,3.5090227,0.4192926,3.7474432,0.2633871,-0.34442088,1.532882,-3.745854,-0.15835354,0.5485089,-1.7626029,3.1443987,2.3764203,2.9675722,-2.8585632,0.5752889,-0.9756931,0.175309,3.69259,6.9178615,-0.30882072,-3.0617511,-1.3737538,-0.9587631,-4.20814,3.2709682,-0.5902906,4.2557416,-4.1996756,-0.13089964,-2.0565567,-6.0198135,-2.01114,-0.110538706,1.4523158,-0.25356153,1.87847,-1.6331878,2.4500003,3.855764,-1.071973,1.2185205,-2.851899,-2.4836578,-4.1716065,3.5795307,3.4663723,2.2714283,-0.98049825,1.3246026,-0.58183265,-3.1822786,0.22304058,-3.3432353,-0.74068725,1.865521,-0.014808409,2.268449,-5.2882633,-0.42001578,-0.17305486,2.3027575,2.516271,-0.12955679,-1.5643477,-0.8850288,1.6284356,-4.074152,1.1717812,0.9550679,-1.8076507,-0.045130327,-1.6297088,3.62477,-1.9769849,2.924313,-3.3544655,0.3612114,3.9186964,-4.4946847,1.0704526,2.4906626,-4.464849,-1.6907713,-3.7713292,1.2034807,3.377973,2.0717044,1.9393024,0.9921375,-2.4873722,0.5183983,3.725507,3.7448618,0.7175821,0.34663016,3.1831975,0.6213967,0.4966649,3.8910146,-1.4539537,0.693724,-5.749985,-0.6187931,0.37202156,0.80008125,1.5273044,3.0036445,-2.3054473,2.3991375,3.0295093,-5.7838206,0.055038847,2.7780714,0.5682297,-2.5366874,-0.24612802,-2.4450417,1.9151113,0.85985255,-2.3514936,-1.3645045
131,3.5753424,1.1360995,-2.6753726,-1.9982418,1.1654162,-3.1269014,-3.21769,4.186691,1.8202032,0.72504956,-3.9473262,1.244088,-0.90502834,-3.1106815,-4.812871,-4.619036,1.0726162,4.110348,0.99535805,3.9981625,-3.399826,-0.44054195,-3.9888759,-0.26434097,0.7303493,4.7987847,0.095168814,-6.1199903,0.36579528,-4.078744,-3.8339195,1.0605122,-1.839274,5.9226017,-1.0057833,1.2804426,0.102090776,-5.4729567,-3.1721745,-0.60099137,2.2749124,0.8156589,-1.3431717,0.54230064,1.0330713,4.5428834,-2.7751787,3.546359,-3.4360802,-3.2004788,-4.3006163,2.0494463,4.3448443,1.1279905,0.47013867,3.6550217,0.66632146,-4.141356,-1.8535097,-1.1512662,-3.3084717,1.5517402,0.8271737,4.9586306,-2.110749,0.76810193,-0.0067662043,-0.27847198,1.3728815,-2.2181132,-1.8767285,-3.8150136,1.9518188,-7.8463306,2.0353827,0.31729773,0.6553352,0.040668905,-4.9099584,-0.37325263,-4.7140503,1.2439975,-1.6235268,0.9597781,2.084541,-0.9493209,5.1003404,2.5976362,-3.5321417,-1.7021157,-3.5950236,-0.5316361,1.8753988,1.2481627,-0.3679374,1.4690177,-1.3187683,3.6794758,5.2062263,0.6149654,-2.6533027,0.91181904,3.0716662,2.5061584,2.0610375,3.1999068,-2.262812,0.15192123,-6.3827825,0.8585568,-1.1671249,0.5237372,2.3334692,4.9895334,-1.6283625,4.992727,2.2759583,-5.224976,0.4470414,2.9415002,1.8308203,-0.4617903,-3.7477431,-2.1230273,4.2016096,2.410375,-0.35201412,-0.70293295
132,4.2863965,5.8823776,-2.2143667,-0.15042734,1.9855461,-1.9925761,-3.938929,4.8824415,2.3841186,2.7272048,-3.4205644,0.6661104,-1.2753038,-4.913601,-2.9976714,-3.029349,2.1500583,2.6011195,2.4513307,4.8622117,-5.2519636,-2.732689,-2.457078,-0.5456827,3.021545,4.5717344,1.1238269,-4.5087543,0.7204772,-5.129361,-2.0452814,0.088883966,-2.2499087,5.1739655,-0.76729894,2.0064847,-2.6452668,-7.954995,-5.342191,-0.07440429,2.6625876,-0.43905148,-0.5366945,-1.9354451,-0.3737886,4.912099,-3.4142501,2.8010356,-4.3750167,-2.3692772,-3.0577624,4.587193,3.8259394,3.4655569,1.130853,2.747852,0.05215433,-2.0960352,2.1635978,2.2703283,-2.811562,1.8686146,3.1716444,4.8989725,-2.144289,-0.8236546,-0.57747793,0.98114043,3.7843761,1.1811132,-1.7755148,-2.7200408,2.149034,-5.521071,3.7009904,1.243175,1.3625236,2.3071496,-3.6707647,0.044071358,-1.7565318,4.459596,-0.5383598,2.3942344,1.4170763,-2.2003202,5.167148,4.7982073,-0.44894373,-2.0714474,-4.677322,-2.4881604,0.3998418,1.8600277,0.812103,-0.6846373,0.10248944,5.08124,5.2553105,2.4690175,-2.8135629,1.2179571,4.2538123,0.025679812,0.34640944,2.6898155,-0.09319947,1.194966,-9.072155,0.11207358,0.9783725,1.457941,5.507961,1.9647228,-2.8251595,1.9823502,2.419996,-6.339888,3.5479562,2.5566099,2.404213,-1.7587662,-3.158525,-2.937226,2.955964,2.5459192,-0.35338193,-1.8626201
133,2.4427176,3.5781653,-2.5991166,0.85150665,0.87102914,-6.621439,-2.518197,3.9793031,1.0921305,3.0538285,-1.2562696,1.11664,0.5805628,-4.410875,-1.8260679,-4.2735047,1.8641579,3.5178063,3.9845932,3.185813,-2.7311764,-0.99795896,-2.6236186,0.77952695,0.8134877,7.837733,-3.2259746,-7.914212,1.2627666,-4.878063,-6.297663,0.4677819,-2.9365482,6.383337,-1.3498925,1.1327628,-1.9640406,-6.113389,-6.08891,-1.7470434,0.9181033,-0.9959032,0.10276116,1.1283071,2.9948523,5.6260915,-1.957186,3.2507985,-0.93763405,-0.59567785,-3.942025,5.633331,2.7925837,2.3887749,0.021018153,3.01805,1.4726151,-2.5153065,0.56685174,-3.0849798,-1.7207279,0.34886873,2.2878778,4.6639767,-2.4425983,-1.7821871,-1.2030714,0.37279755,3.5297506,-1.5249425,-3.534555,-2.5732105,3.5583305,-3.2017574,1.8265952,1.8747281,2.36018,0.5041436,-4.527044,2.5098758,-1.3063695,3.4108076,-1.094353,-1.5214211,2.7631302,-2.896722,5.004982,3.5653832,-3.4052284,-4.776333,-2.919196,1.3251302,1.7191869,2.947318,-0.666602,-0.6760392,0.15354504,2.2761743,6.3331347,2.8646858,-0.41474527,-2.314345,6.095593,-0.11315638,3.0358496,3.690311,0.31619942,1.4214013,-4.7404137,-2.1227317,1.4506905,0.5778579,5.3591504,3.6480458,-2.3124363,0.7466796,2.5382168,-5.8645186,-0.63518715,3.3223267,2.1033945,0.88318175,-3.3819916,-2.6717026,3.0911589,0.6010463,-1.8714803,-1.119342
134,5.316987,4.879728,-5.759953,-2.035232,-2.093194,-6.2933064,-6.2300105,6.4995236,5.4929576,6.9307194,1.7925395,3.7898762,1.42878,-7.0195932,0.026540758,0.13029282,-2.6319633,8.479028,0.82849663,6.1200094,-7.0747924,-1.2230842,0.10192218,2.2559628,2.6236267,10.286688,3.4939191,-9.452536,-1.4484504,-1.1168327,-4.81076,2.2453566,1.6379617,3.6145036,-5.563767,-2.2549448,0.6593388,-8.720685,-4.03821,3.302092,4.0866423,-0.621379,-0.035858616,2.180879,1.0048776,5.988384,-0.71904814,0.05987823,-1.8695787,-5.4038587,-5.0517235,7.5652027,8.410161,5.4528017,0.41886297,-2.9572961,-2.88205,-5.4685073,-4.0318046,-2.7272308,-3.4782174,4.6126165,5.6276617,3.1028266,-8.344888,-2.9716501,-0.8831659,1.6922144,-0.7842518,-1.1366689,1.1178592,2.930985,5.5030446,-6.2876177,2.660262,0.10383659,-4.06929,-0.04159288,2.0304787,4.385647,-2.1022773,3.9705634,-3.880652,3.2331128,6.300721,-3.7211645,8.814561,2.5423946,-1.3292971,-3.6108131,-10.153136,-2.620035,0.35321516,-2.4240954,1.3566169,1.9494843,-2.4506276,5.5184245,5.6584935,3.8104453,-5.189587,3.504663,1.3550986,4.4590845,3.3024597,4.7894,-0.42676452,3.1259477,-9.4168625,2.2926526,0.4364103,1.4079157,-2.3775313,5.262699,-2.7049253,5.292366,4.1443744,-5.14943,0.5977642,5.25557,2.8163133,1.3448572,-5.362213,-4.3300724,1.601339,4.6038523,-5.9473224,-1.5603433
135,1.5784817,2.6253972,-0.5660964,2.3419414,2.0652494,-4.6387997,-0.83041334,3.197187,0.8213657,2.4542046,0.065896206,0.1356833,-0.8079026,-2.904831,-1.4160101,-1.862315,0.60614276,1.6366335,3.4458425,3.0102234,-2.9049327,-1.3047526,-1.2888954,0.20138681,2.2988281,5.89434,-0.74225026,-3.8820066,0.96907365,-1.1121316,-3.7720914,1.8090829,-1.937437,4.1392474,-1.8611602,-0.023681097,-2.8411653,-5.635698,-3.6597173,-0.017127927,-0.2775593,-1.4277613,0.51315445,-0.373153,2.4009233,3.3150022,-1.3340989,0.8267637,-1.8912933,-1.7618539,-2.3903697,3.917061,2.0340574,3.4417236,-0.8784614,1.6241634,-0.039108843,-1.1543902,0.42795086,-1.7434028,-0.3211946,1.022599,0.72024846,2.280361,-2.7607062,-0.95975906,-2.015109,0.15565416,3.2405128,-0.8767024,-1.8012686,-0.34653205,2.2714782,-3.5820541,1.0845879,0.35143545,0.63243407,-0.9290322,-3.134923,3.5782645,-0.2341206,2.7456634,-1.6541198,-0.8305547,3.3519049,-3.6727104,3.5449107,2.9148288,-3.2376528,-3.3163154,-2.394494,1.6432106,2.165147,1.813922,0.7811479,-0.53357315,-1.1839503,1.3418335,3.720931,3.5083437,1.0505964,-0.7575606,4.379108,-0.33353117,1.5275025,2.2403038,0.40535048,0.184531,-4.3178024,-1.216845,2.536767,-1.1777054,2.332617,2.0037029,-0.48973873,1.3353765,1.746283,-4.4040256,-0.093829416,3.049898,1.5165368,-0.59898084,-2.3628678,-1.4094009,2.7356453,0.5249026,-1.43435,-1.4609232
136,3.1546493,3.7975986,-0.24455404,-0.287899,1.5263848,-3.027955,-1.428855,3.7537544,0.75947064,3.0835524,0.39279994,0.7802664,-2.307124,-5.0444784,-2.4358268,-2.281348,0.23185343,0.94473934,1.6495525,2.8927414,-4.3224025,-4.0020204,-0.630276,0.28251442,3.1012437,3.6689906,1.5498868,-4.1689415,-0.2879348,0.22347625,-2.352099,1.4758047,-1.3366416,5.0425696,-1.8947,0.8689611,-2.8254964,-7.48158,-3.4060507,-0.061944023,1.9830391,-1.1775069,0.9726843,-1.9735923,-1.7665963,2.5799067,-2.5927656,-0.78923273,-4.0576506,-4.2024574,-2.7663906,3.007603,3.8969305,3.9953988,-1.1832942,1.33103,-1.4246893,-2.2430775,0.9103923,0.28918055,-2.5012085,1.6890695,0.87986565,2.8557324,-2.8736248,-2.2874482,-1.1502165,1.331027,2.4538496,-0.90597534,0.14603965,-1.4493504,2.4079578,-4.8995156,2.6595042,-0.41566896,-1.6258056,0.49104425,-1.2884059,2.9601128,-2.261176,3.3826694,-2.4966466,3.3034952,4.08261,-3.6116576,4.1163645,3.7808106,-1.0377178,-1.8451279,-4.5351624,-0.9264858,0.97878087,0.78211564,2.32697,-0.66719955,-1.3262132,3.26325,3.4980242,3.0799031,-2.9148684,2.792463,0.8291664,0.04959751,-0.8039219,2.920588,-1.0994449,-1.3107909,-7.269689,0.4355005,1.6424872,-0.37486967,2.196913,2.0439692,-2.2328684,1.485018,2.1562345,-4.4158587,1.3883427,1.9108591,0.47145975,-0.89095575,-2.48061,-1.1398491,3.7855399,2.6280649,-0.7192733,-4.181885
137,3.6052303,3.7366765,-0.24952096,3.0600395,-0.011188934,-3.8085818,-0.8162496,4.044086,0.75011915,4.819329,0.5019714,1.6851904,0.07733317,-4.792014,-1.0759283,0.24482146,-1.3216726,4.1710777,0.868714,5.9175744,-4.017521,-1.5047642,-0.26461643,-0.4701049,4.908986,7.640614,1.0096409,-4.2344494,-2.463966,0.5227664,-2.9155903,3.8467665,-0.57616186,3.552129,-5.191216,-2.802321,-1.5227218,-8.797998,-2.7888412,0.7767271,-1.2129822,-2.0779996,-0.086695164,-1.9659863,-0.73854595,3.537839,-2.477513,-0.7901459,-5.005295,-3.9731085,-1.7775539,4.028094,4.000758,3.771916,-2.311627,0.22027971,-2.0846565,-4.0198717,1.9784378,-2.2595425,-1.6624273,3.0925267,0.6926249,1.5478444,-5.8869743,-0.98154956,0.46974236,1.8426108,1.9802524,-0.68473405,-0.6558529,2.1739955,5.037029,-6.01959,1.874464,0.3430979,-1.952687,-2.2821147,-0.90078,4.8605604,-1.9544793,4.5593314,-4.8541784,-0.5792464,5.3327417,-5.0182724,3.416568,3.8058684,-3.9974606,-2.030746,-5.1722565,1.3449031,2.4532514,1.6120594,3.3004396,-0.03342088,-3.4198537,0.22793697,5.7580953,4.8987603,-0.011173743,2.5655708,2.9090512,1.21577,1.1887748,2.6433635,-0.6113068,0.006948419,-7.637308,-0.4228607,0.9609744,-1.4516685,0.63500327,1.7843949,-2.2742872,2.9159544,2.9199228,-6.887954,1.7587367,4.382821,0.9673658,-2.0784352,-1.3977631,-1.4441622,3.63673,1.364573,-2.0656316,-1.607149
138,4.558576,4.6838064,0.17565347,1.6515642,0.56852734,-2.3503225,-2.100353,4.5614495,1.1484829,4.497117,-3.0617402,0.9847035,-3.5152564,-6.864621,-1.6831282,-1.4445583,-1.3296313,3.1996355,3.1950977,5.659346,-7.478372,-1.5254468,-2.4337914,2.500427,3.6817453,4.708219,2.7873712,-4.03418,0.5043378,-2.1370265,-3.596344,3.6411505,-1.3946376,3.854392,-5.2577357,1.7856656,-1.4469557,-5.9015718,-3.7051904,3.0889888,3.7895432,-0.28654706,-0.6795581,-4.368889,-1.5391484,4.757357,-2.2669215,4.3832326,-4.2761226,-3.978884,-3.1572552,4.1219163,4.5374937,4.2988887,0.1539466,1.1275603,-2.4375165,-3.3675256,1.9414779,-0.023764435,-1.5436479,3.5511954,1.7091597,5.670994,-5.30261,0.307712,2.1153278,3.9232645,3.7258873,1.5200663,-1.020872,-1.561495,1.8089567,-4.799081,2.4544768,0.78026676,-2.6222675,1.7369087,-3.9519708,3.1244037,-2.3553646,3.7101114,-3.4679003,5.989303,3.8690853,-2.4260018,5.228296,2.932294,-4.174729,-1.3211398,-3.9118235,-1.4899856,2.3483086,0.04954153,4.507314,0.40869275,-1.00701,4.3633466,5.23049,2.717107,-3.3994937,4.08088,3.925943,0.4372347,1.0252064,4.2367764,-1.6025349,0.97810125,-9.122328,1.4381733,0.43783897,1.303789,3.1872807,4.6734324,-4.1508985,3.5967176,2.963888,-5.898631,3.50908,1.144704,1.7946328,-4.0655575,-2.790023,-5.1498823,3.3936598,3.915114,-2.6505218,-4.706311
139,4.8590884,6.84111,0.5417858,2.7118657,-0.25536972,-4.447967,-2.8937416,4.561037,-0.29188216,7.1952405,-2.8500643,1.8809233,-2.755812,-6.2896147,-0.44248557,0.034899175,-3.0614293,3.2827265,3.8974652,5.197822,-8.15047,-0.4531256,-3.0103912,1.8989662,6.076166,5.878609,2.3104346,-3.051625,0.43725303,-1.9851841,-5.762932,3.9071026,-1.0369745,4.318058,-5.0456047,1.9522038,-0.7503346,-8.021574,-2.5596368,3.4959388,3.2937355,1.2054355,1.4433388,-4.1737194,-0.9378918,2.9529228,-2.7192209,4.526927,-4.2495813,-4.9564896,-3.2370565,6.4496675,5.7420206,2.5729284,0.7033047,1.352546,-1.6172788,-4.261726,-0.0007980019,-1.5634751,0.6864362,4.275976,0.7263032,6.3909535,-5.552999,0.673376,3.150858,3.3307402,3.2328062,0.70562047,-1.8591357,-0.73392797,2.1051116,-5.837693,2.5692756,1.0001094,-2.2790325,0.3788355,-4.6346803,4.7267637,-2.3864644,3.8752685,-3.3763664,7.7813463,5.0484977,-3.7602243,3.6333435,1.5453407,-4.2257357,-0.4539861,-6.1902537,-1.4923829,2.7224712,0.23884737,5.2736154,2.5543823,-2.7502072,5.080002,4.242586,2.4644318,-3.4015994,4.4100885,2.5992746,3.0308738,1.8465916,6.1859508,-1.5570574,0.8665748,-8.481897,0.59013563,-0.9591566,2.0452542,1.6324236,5.213915,-4.3993635,2.8794682,6.048336,-8.126175,4.5294023,3.6829195,1.2744306,-4.544334,-1.4610993,-6.0787764,2.9806094,5.0775824,-3.019104,-1.7389877
140,2.3312526,2.9665816,0.17661506,0.58314884,2.4543571,-5.6551437,-0.9544029,7.9888062,1.951615,2.2019496,-2.9323554,0.7654012,-5.4923215,-4.961084,-3.927453,-4.1966653,-0.2378491,2.7122989,5.135024,4.2910514,-8.508839,-2.1041005,-1.1192528,0.6781157,5.073509,4.5668325,1.1662679,-3.7162147,0.64074516,0.15151323,-2.5077953,2.0493238,-3.008926,3.9445817,-4.3052936,-1.9355489,0.21694195,-7.9411497,-3.7198088,2.060168,1.8819515,-0.19711517,0.48362982,-1.5835629,2.1718092,0.52344126,-6.7158737,4.295342,-2.5814645,-4.61957,-3.076233,5.5336833,3.9524593,4.4248714,0.15200828,2.3243651,-1.075473,-1.4098455,0.031631276,-1.3510443,-1.4716269,3.3748398,-0.27055866,3.750648,-3.073967,-3.5759366,0.53031695,-0.42502958,-0.312844,-1.9365696,-4.670075,-1.1437218,3.526323,-6.4025145,1.7590758,0.37710503,-0.47047088,1.4632041,-4.2714314,2.4457626,-2.0856059,4.2484646,-0.7765893,3.7154305,4.1660614,-2.5329533,5.3636785,6.9368925,-2.9361868,-0.9912861,-4.0095544,-3.8052504,5.7140493,-0.49462205,1.3731273,1.5734928,-0.5412938,7.1501923,2.4928963,1.5772349,-2.5458632,0.6837026,3.2862954,2.6966195,-0.2445721,3.9188743,-3.1013236,-3.7718625,-8.715636,-0.31458166,-0.8024457,1.4571648,2.1024587,5.600982,-3.9605474,2.7866726,3.0321107,-5.3425546,2.098431,5.1909747,1.4600399,-0.4069725,-3.6874895,-3.9968088,5.4204707,5.061866,-1.9994344,-1.7983384
141,3.3235679,5.552983,-2.9380946,2.1666873,-0.24996763,-4.1650424,-0.5702103,5.2639565,0.7350537,4.312676,-1.3264904,1.8816189,-1.0542037,-5.8216705,-1.5306585,-0.61411273,-1.5407541,2.33902,3.1797752,3.3099205,-5.6513906,0.49354035,-0.6985046,0.9979515,1.5194988,5.097749,-0.63528895,-4.324229,-0.81563437,-1.8666699,-3.7879658,-0.06901995,-3.8407977,2.5476537,-1.5616854,1.3411222,-0.9006332,-6.816591,-3.4470186,0.039418906,3.3429158,2.8680444,0.6588571,0.029069126,0.034435976,2.7327573,-3.2595005,4.313471,-1.082779,-3.0851643,-3.1952822,3.8981435,4.715761,2.9403374,1.4984264,3.209201,0.75621194,-1.8720602,-2.2450056,-1.1339413,-1.8504738,3.884118,-0.83548295,4.2926297,-4.6952796,-1.4722861,-1.9661264,1.3710169,1.3738441,-2.2185133,-2.702282,-0.93523735,2.1148567,-3.417765,1.83579,2.1246629,-2.0370383,-0.50442135,-2.594145,4.1802745,-1.0314871,3.9418783,-1.4587405,4.3004823,3.1104589,-1.6117823,8.064392,2.692648,0.16808072,-3.2963593,-3.6175694,-0.6970842,2.6172416,-0.564417,3.6077743,0.48823798,-0.6166042,5.0254507,3.9487276,3.130915,-3.105176,2.0480673,3.9641867,2.5367076,-0.6709678,3.0288723,-1.275217,1.090207,-7.0196013,-0.8789757,1.756219,2.0588048,1.7811471,6.7869067,-5.35106,3.0377076,2.9256759,-6.7162056,2.3287318,5.447629,4.4222283,0.9771493,-2.907433,-2.288559,2.2804701,3.4465268,-2.4412055,-1.8297763
142,2.864068,5.9363885,0.8768119,4.787159,5.657598,-11.104053,-0.4912584,8.26457,-1.4006202,6.6325784,1.0455387,0.52486235,-3.287201,-7.3321996,0.0090711415,-2.9278784,2.1082623,5.0738034,10.87605,5.1818314,-5.2184668,-2.558085,-4.2679753,3.5273325,9.868365,12.853764,-0.64972985,-5.2831616,2.3924649,-1.1863307,-13.082218,6.347437,-0.53403085,9.980059,-4.061211,1.462622,-0.022797186,-9.457839,-4.1494136,2.089705,-1.936106,-1.067698,3.8449333,-2.6944447,4.987722,0.51135874,-7.238322,2.471988,-6.2502465,-7.197046,-6.267965,7.070636,4.5133243,1.8624667,-1.6115168,3.1908,-1.8534254,-7.321732,-1.5230844,-5.3679748,-0.8950852,2.818056,0.91983616,5.9119105,-2.8231556,-4.5776253,-0.5195272,0.4629151,3.4628575,-0.6882231,-6.1650867,3.705352,10.188606,-8.88515,-0.31823748,-0.75752443,-2.5249262,-1.0613554,-7.7886286,5.3307843,-0.7085853,3.9040809,-5.2229133,2.1710677,8.107358,-10.114543,2.6785238,6.9648223,-7.1106596,-0.8512009,-8.149049,-0.7296365,7.3856215,2.6487205,3.506695,4.882366,-6.095202,3.2908266,3.5016365,3.9299648,-1.1217144,0.7442085,9.265867,6.322863,7.5651784,7.925666,-0.7645439,-5.8856764,-6.271668,0.5887146,0.6082833,3.6536176,3.4252203,6.2953043,-3.8190784,-0.45875517,7.4928784,-12.0845175,0.26476732,10.201338,-0.9586697,-4.8899617,-0.39862543,-7.691467,7.55163,3.380183,-1.4601983,0.47395355
143,3.4989524,5.320696,-2.1119132,3.0349894,1.7438918,-6.248567,-1.5214741,2.79846,1.665648,4.1829157,-1.0237186,1.2502397,-0.34065673,-4.5310917,-1.9137998,-0.67150545,-0.6457047,3.880275,3.1468997,4.5782228,-5.1720424,-0.4015816,-0.6406972,-0.22988409,3.048364,9.429557,1.0671118,-5.9679008,0.941584,-1.758825,-2.842461,1.9989952,-0.30594167,6.014526,-3.5103211,0.21520284,-3.1159396,-7.7097225,-6.0152082,1.1667569,1.2660539,-1.8155768,1.4557571,-1.5728891,2.3164227,5.7653065,-0.8958566,0.8836791,-1.451997,-1.9961845,-3.4039433,4.951438,4.9846783,6.750596,-2.1848738,0.82529485,-1.564731,-2.2080555,2.0397177,-2.9707954,-1.0754244,1.8099098,2.8852944,4.5256433,-6.6556582,0.1660971,0.48887837,1.3710355,3.95886,1.1108978,-0.82407725,-0.8084341,2.793306,-4.8005624,2.338345,0.20682804,1.0211016,0.45335862,-1.5549195,3.7194335,-1.4436903,4.5875573,-1.1858568,0.0808071,3.9631748,-4.6030884,4.528043,2.1948805,-3.9518816,-3.4987867,-3.6850874,0.99942136,3.7525475,2.8632898,0.488167,-1.3981392,-0.6557418,3.1546392,6.9514813,3.566297,0.090072826,-0.046588816,4.3953485,-2.741503,1.6164485,4.442979,1.3262202,2.0960927,-6.3085027,-0.6891786,1.8268155,-0.13175234,4.301612,3.4493487,-0.66808426,2.4398837,2.3504531,-5.364013,-0.010314986,2.7728329,2.8944428,-0.6292999,-4.017029,-2.1000051,2.6851785,1.8469851,-3.9246044,-1.3361597
144,2.8759325,2.8842244,-1.1325097,2.079235,-0.19092558,-3.3876321,-2.206807,2.8426588,1.2016262,2.3282623,-1.5495636,1.3140006,0.25383118,-2.9067657,-1.947851,-0.3487125,0.01891935,3.8063965,2.5694318,4.7140336,-4.2643876,0.34132573,-1.8351511,0.21885747,2.9891071,6.994743,0.6763666,-4.444743,-1.5901921,-1.585202,-3.500854,3.68865,0.6340548,3.6662698,-3.6634924,-0.117080405,-1.3945924,-6.030418,-3.0301921,0.8984581,1.4829177,-1.3777237,-1.019961,-3.4168699,0.94282824,4.5979834,-0.51241994,1.0789533,-2.9885113,-2.5685256,-2.3664482,3.8091815,3.1957903,3.541944,-0.93651927,1.399306,-0.7478862,-2.7929256,1.0061343,-2.3221822,-2.4015563,2.0961366,1.7639625,3.6560035,-5.4501057,0.73724014,0.70687896,2.5617042,3.831108,1.9232309,-2.0657492,-1.0581288,2.469775,-5.1246586,2.9055874,-0.019584406,-0.5756648,1.0983007,-2.0730474,1.8904642,-2.3224452,2.175504,-2.7027986,-0.81481856,2.4000034,-3.0297766,1.2747564,3.48782,-5.213635,-1.7590348,-4.427657,0.8578559,2.1493988,3.4224749,1.3732176,0.7998946,-2.168963,0.2637701,6.4497166,2.4529805,-0.11411032,2.165272,3.7547479,0.37312675,1.2767061,3.2244077,-0.47030973,1.6608696,-5.482374,0.3134549,0.16958791,-0.24729598,2.4254758,2.442495,-1.2851049,4.69617,1.3198004,-5.7675157,1.2985779,2.9746118,0.9917316,-3.1411655,-1.6386331,-2.7462595,3.212612,0.39942932,-1.5658059,-1.1928138
145,2.8762558,3.5359728,0.2677727,0.07702985,-0.056567334,-3.1908145,-2.413949,2.8942747,2.415249,4.576701,-1.2396789,3.0882368,0.07153903,-5.0733085,-2.248031,-2.152254,-0.9732955,4.5999193,1.4842635,3.9984536,-5.017319,-3.7597463,0.5871474,2.3654535,4.639342,4.879784,0.45245308,-4.723014,-2.589494,-1.9993205,-3.7680182,4.226826,0.6959383,4.3187075,-4.557056,-2.0199425,-0.6959646,-7.994716,-1.2922915,0.08137535,1.258124,-2.6277363,-2.7096493,-3.6655722,-1.7725668,6.553401,-2.665427,1.08219,-6.148711,-4.1723623,-1.2748941,2.7949982,5.151848,1.537287,0.379437,1.5391779,-1.1002282,-4.141081,0.27663445,0.2735849,-2.973237,3.7397363,1.8980308,3.6120977,-4.34399,-1.2908968,2.9394536,2.7295172,2.650202,0.13455985,-0.17749335,-0.15645202,3.473181,-5.6501417,2.266477,-1.6855403,-0.7811605,1.8865104,-1.5468528,2.0138578,-3.298286,3.64623,-3.2662838,1.3605074,3.367331,-3.689797,3.6268587,4.675133,-3.9924974,0.39374387,-6.0881042,-1.4397995,0.8433793,2.345464,2.5008972,2.2087672,-3.1453376,2.170804,6.0133047,2.274274,-2.1488,2.1635635,1.378692,1.9031227,1.4105668,4.699942,-1.2699828,-0.20659035,-10.612802,1.4787564,-1.2464241,0.4313869,1.6483983,0.98728067,-1.5202466,4.2309875,3.02297,-5.76489,3.8909817,2.084963,-0.16594341,-2.2944593,-1.8166091,-3.5629368,3.8563259,1.7840954,-1.7408289,-2.7186847
146,3.826633,5.3859825,1.4359367,-1.3766091,3.8178158,-2.7921498,-3.392374,6.4031515,2.9846704,2.9596524,-0.86411685,1.3132902,-2.3694687,-6.514757,-5.1322837,-4.954179,0.4964759,4.220836,4.4271765,2.0116453,-8.076884,-4.7120695,-2.612373,2.8107612,5.7416334,3.002767,-0.13039677,-3.925009,-0.20231971,-1.1596727,-4.9318895,4.1157265,-1.2254539,3.472768,-2.193009,0.91171575,-1.607817,-8.9106455,-3.4441988,0.7836243,1.5829043,0.00903813,-2.8827214,-2.9062016,1.7846333,5.5821557,-7.2997727,4.979573,-5.70197,-2.7928338,-3.7323072,4.700567,2.7848077,0.09910725,2.7524498,3.4718544,1.34834,-1.6381071,4.4512095,2.2686892,-4.1453247,2.205625,2.8147402,3.4200408,-2.417459,-3.3719592,0.48589027,2.6412342,4.298649,-2.3859327,-2.9487586,-1.4925585,2.465101,-5.63593,3.617359,-1.288322,0.7401395,2.5620959,-2.7792394,-1.1272902,-1.6135612,2.8108246,-1.0464814,3.2570088,4.6073203,-1.7232453,3.418013,7.213881,-4.590212,-2.050899,-6.5429735,-4.495357,-0.5982334,1.9096047,-0.3408382,2.7400627,-1.4100611,3.0953498,4.325464,3.0876145,-2.8644757,0.17615822,4.309613,3.6734154,1.3182352,2.8272438,-1.3447,-0.7504364,-10.275594,0.35846582,0.26234397,0.57835454,4.8997736,1.0738105,-2.3941035,4.570653,1.3148823,-4.5386086,5.162228,3.8067026,-0.23652607,-2.7988048,-2.7653637,-5.049812,4.662695,3.2745752,0.1946284,-3.3304946
147,4.432368,5.6760387,0.22340398,0.028042912,2.5835404,-2.7707176,-3.875133,5.650336,1.8336827,4.2239594,-1.944303,1.4246738,-0.7897617,-7.1488276,-2.8002138,-1.1594999,0.52869755,2.9009345,3.6342144,2.6316726,-7.8724813,-3.3358417,-1.6163956,2.624743,3.8439481,4.504336,1.6079983,-4.543311,0.036730886,-3.1462908,-4.859382,3.972649,-0.31109256,4.6761723,-3.8609846,1.3514235,-2.7333832,-8.788898,-4.554301,0.43553597,4.221568,-2.5082264,-1.5910128,-3.7366831,-0.77772826,4.9499645,-2.8946335,2.810042,-5.164921,-3.4180984,-3.686593,2.8595402,5.1147423,3.212026,1.1360749,1.4827869,-0.2063302,-3.0260568,1.5443777,1.029878,-3.6794734,1.6903145,4.200282,3.8745875,-5.27972,-0.9552685,2.241585,3.7612782,5.5197396,2.9104388,0.6038908,-2.054335,1.9713001,-5.743912,2.9128122,-1.1402729,-1.9380243,2.7557597,-1.6231248,2.5119765,-4.059508,3.5787814,-3.9207685,3.9291453,3.3050122,-4.310027,3.2245386,4.987957,-4.2092648,-3.1429598,-5.02069,-1.9679047,-0.9399476,1.8991691,3.3967705,0.4121229,-1.8201711,5.1768413,7.637812,2.3097582,-3.0052924,3.216216,4.105384,-0.27291936,1.3165233,4.383091,-1.4859179,1.6223962,-11.468874,0.84113467,-0.9003044,2.0240936,3.1327207,2.6581066,-2.6426017,3.3450058,4.1457553,-5.371295,4.270919,1.7698373,0.35986874,-3.8845944,-3.272404,-3.7634385,3.2888863,3.0359516,-1.4150295,-2.8804073
148,1.9730695,2.50319,-1.2983326,0.5888819,-0.42362863,-4.0492,-2.4301167,3.4288037,0.83223253,2.8814752,-2.1138027,1.2896334,1.6183083,-1.961186,-0.23597255,-2.1206236,-0.0037611462,3.285573,1.6568877,3.586491,-2.1455035,1.1469296,-1.5056235,0.8706243,0.82655346,4.434418,-2.1718295,-2.8910086,0.7533442,-3.0666242,-3.566083,1.344352,-1.6235216,2.4780617,-3.2891579,-0.25761405,-1.3732171,-4.543574,-1.7009267,-1.0432509,0.6719978,1.2068384,-0.75525403,-0.8918774,0.9990559,3.802888,-0.9384079,1.4960829,-1.0580359,-1.075252,-1.967071,2.482807,3.2630594,0.09524794,0.25771353,2.2948246,1.5302621,-2.6770241,-0.586781,-2.6886706,-1.2796295,1.3928313,0.7009661,2.0275373,-3.374247,1.2331672,-0.29386282,1.2429082,2.5221767,-1.1941823,-1.4166355,-0.3787281,2.2271702,-2.6457546,2.0496874,0.909883,0.6421238,-1.0611002,-3.922603,2.0218258,-0.032491792,1.768669,-3.026658,0.14361942,2.1658707,-1.6716986,3.9594789,2.7438476,-2.3843105,-3.554042,-3.2891107,2.7577784,1.1029716,1.4974247,0.6283123,1.8678098,-1.5981386,0.55023813,2.7092054,3.4350371,-0.6982971,-0.21424542,3.1692984,2.0209422,2.2392871,2.086103,-0.52885044,2.2763503,-4.3734035,-2.2081568,-0.03841658,0.5355492,0.52417964,2.8786316,-1.0553042,3.35869,2.1990721,-4.7886853,-0.4853156,4.006782,1.7856845,-0.13586901,-1.5990833,-1.2642003,2.0734885,-0.084430724,-1.9141216,-0.79844064
149,2.4897623,5.037348,-1.158847,-0.29165938,0.8020981,-2.3143957,-2.8308632,4.2610617,1.6251681,3.5772498,-1.9870433,0.7720582,-0.11912127,-3.6728318,-3.0104487,-2.557861,-0.31079793,1.8239242,1.4539483,2.4236,-5.391781,-2.0502222,-1.6708256,-0.46857777,1.3000144,2.7617848,-0.37198055,-3.2355359,0.42069912,-1.2773368,-1.9234506,0.7593344,-1.7080574,2.9831579,-0.02398399,0.07207992,-1.699573,-7.328356,-3.4362602,-0.2773382,2.482367,0.26774925,0.37700838,-1.0523105,-0.47917777,3.1676295,-3.270971,2.4850624,-1.9004347,-1.5724012,-2.4377034,3.5779858,2.9167275,1.736448,0.89629364,2.3757784,1.1162262,-0.60420966,-0.10260112,0.32171574,-2.6054323,2.112522,1.0350056,2.2354774,-2.3161383,-0.9312796,-1.5049613,0.16144282,2.5377138,-1.5639648,-1.3556608,-2.4519444,0.0804628,-4.859877,3.612757,1.0800533,0.7349202,0.7289434,-1.3789005,1.1094944,-1.4949046,3.74827,-0.4381342,1.9981567,3.0405254,-0.79503506,5.0737886,3.9685688,-0.046684127,-2.716145,-5.128088,-1.3391688,1.4033903,0.664069,0.32783586,0.6100568,-0.63438576,3.913658,3.949469,2.547504,-1.8830725,1.9174243,2.039135,1.0432563,-1.5303606,2.0414248,-1.4499176,1.0709981,-7.7030506,-1.0863504,0.18690182,1.3611317,1.8223306,2.5435712,-2.6973002,3.7895257,1.3653885,-4.6976237,2.78773,3.568967,1.4158013,0.49416983,-2.0678413,-1.102249,2.0720353,2.2240179,-1.3413281,-0.249642
150,3.3895628,3.118476,-2.0839524,2.897442,1.7440575,-6.3894415,-4.1295676,4.3769817,0.3845286,3.7332218,-2.8789165,1.2651467,-0.5536226,-3.3232388,-2.0820942,-3.2305102,2.9001389,4.470561,5.4432836,4.607321,-1.5193777,-0.9125049,-3.8627446,1.5677367,3.018956,8.35652,-2.873645,-5.8517194,1.4346155,-6.0266757,-8.873133,3.2537148,-2.9114668,6.786097,-3.6790886,0.1880785,-3.1990426,-6.834935,-5.5724716,-0.00318552,0.3932755,-1.8743598,-2.4896953,-0.11428322,3.9029374,4.466803,-3.2794416,6.104879,-2.7694426,-1.5467867,-3.7119381,4.8672857,1.1791807,1.6047623,2.6511035,4.5115514,2.3223429,-2.1663826,2.6224408,-3.6454082,-1.3306451,-1.4499534,3.1455374,3.9665518,-2.4068875,-0.6709881,-0.97329295,-0.15014204,4.75947,-0.57001084,-4.1759963,-1.514074,3.1341796,-4.718699,2.0307324,2.0628223,2.2460155,2.146985,-6.9505224,1.1799881,-1.5404615,1.9292711,-1.968893,-1.6867661,2.9645107,-3.8124034,2.6514182,4.7514305,-5.6834536,-2.7390633,-4.4751177,1.5498993,5.0740914,3.0788593,-0.18379991,0.9504132,-1.9866415,0.35134697,6.8735776,2.2710545,1.8501847,-1.851013,9.3090725,0.16517429,3.9824495,3.3932993,0.07792398,1.6267473,-3.8433304,-1.6039248,1.0321407,1.8867905,4.63342,4.7511497,-0.3961834,1.482117,3.4166584,-7.516889,1.9479486,4.690493,1.8779986,-3.0590954,-2.2166665,-4.3536234,4.043089,0.09555333,-0.93314844,-1.2900784
151,2.6252081,3.4862754,-1.2549725,1.6007296,1.171182,-9.56086,-1.6383588,6.375556,0.5592762,4.914648,-1.961304,-0.50633717,-2.6986227,-3.859904,-3.0253434,-5.149062,3.134654,5.1869373,5.0809245,4.835239,-3.1674159,-3.1606073,-3.26765,-2.1575584,4.062725,8.315781,-4.324588,-5.5938616,3.3586311,-2.5148058,-5.576292,1.5003054,-4.468741,8.873191,-3.8632543,-2.0087755,-2.5428026,-8.452672,-4.1316223,-0.36774892,-0.952534,-1.7491431,-1.0093036,2.979634,5.7203727,6.2691574,-3.823361,4.7980666,-0.46098894,-3.5948262,-3.0858405,5.9314313,3.5964293,4.3711524,0.019681158,5.066382,-0.3405624,-2.064836,-1.5436298,-6.072156,0.4933082,-0.34161335,2.3396971,4.62176,-3.1637352,-2.9363704,-1.2440419,-0.9260686,2.2954812,-2.9290612,-3.8697386,-2.6653857,3.2379713,-7.0138726,0.17500669,2.8489249,2.1310802,0.024872981,-5.506023,3.2237964,-1.7936114,2.0423903,0.111557074,0.9203161,4.6813974,-2.9833927,6.873603,3.9833012,-3.7673726,-4.399361,-1.9778912,0.35586807,7.7515373,2.7727962,-1.6485234,-3.3656092,1.6565076,1.767674,6.5858626,4.172914,-0.3284517,-3.0532625,5.4418674,-0.82567567,4.583668,4.2580147,-2.948878,-1.4818287,-2.3531237,-1.8291211,3.2088032,2.6047287,3.6524503,5.177296,-2.3110201,2.4828935,3.9281154,-4.8851795,-1.4016464,3.7894993,1.1367866,-1.88488,-5.7015877,-4.1173997,5.400141,2.8287318,-0.8058797,-1.0797268
152,2.902295,5.173192,-1.5541319,3.4624794,2.2403233,-4.3648157,-0.6195279,4.151105,0.81350356,5.7410398,-1.0966743,2.8166118,-4.4958754,-4.9003744,-3.70813,-1.4211849,0.16962035,3.5531542,4.337687,3.9025257,-7.0376525,-1.5772232,-2.0338097,1.6159186,3.2963042,3.8259113,0.15865238,-3.1106167,0.32362446,-0.44345307,-2.9037418,4.395394,-1.8358225,2.9255738,-2.6151254,2.316851,-1.1025157,-6.419301,-2.2382512,1.1876782,2.9293976,0.92322165,0.72082555,-4.164347,-1.6558099,4.3559947,-3.743337,3.18309,-2.1586158,-4.013963,-4.066715,1.9719456,5.706657,3.8515232,-0.30382472,1.6652931,-0.8432719,-3.8939693,-2.2404416,2.0474157,-2.865186,3.8905644,0.3739859,5.8050737,-4.2795978,-0.88252985,-1.0264496,3.0884218,4.031255,0.77283734,-2.4609673,0.9069087,2.9992206,-5.93009,0.8456758,-0.8590099,-1.7688618,-0.5394359,-4.5147324,3.864676,-1.1405123,3.017036,-2.2151773,4.4984617,2.4516008,-1.4396737,7.9091253,3.479325,-1.2909305,-1.9172816,-4.164629,-1.5479451,2.559335,1.0772169,5.6455107,0.97044855,-2.7913508,4.0862174,3.5119193,2.5503268,-4.688308,2.8501341,4.4145303,2.9788144,0.8970937,1.954434,-3.19256,0.55808663,-6.8829308,0.56325984,0.9599137,1.130467,2.0979135,6.231858,-4.6466656,3.7902858,2.1842315,-6.686677,3.8774285,4.697981,2.637279,-2.75549,-2.982975,-3.6400998,2.6973867,3.8967037,-2.5964756,-2.2192955
153,1.217673,2.6439946,2.1897957,2.738406,1.2835974,-6.6960115,-0.17821367,6.928914,1.8066549,4.6836643,0.68253195,1.4497522,-1.2785244,-4.0095587,-2.8571935,-0.9612739,2.3048787,3.2621646,3.3842282,3.0365124,-3.1333907,-1.979508,-1.9581971,1.3774375,4.6745577,6.3253846,-3.4795222,-6.3730474,-0.31744415,-2.2119186,-5.166142,3.151743,-2.758401,4.3861723,-2.8409445,0.077819936,-3.9613588,-5.8560877,-2.4928818,-0.29779166,1.2790065,-2.4073336,-0.7610102,2.486979,2.7973146,5.758135,-3.5481756,3.4458046,-1.3377376,-1.6403178,-3.278871,5.6975207,3.5115762,2.1847785,-1.591738,2.2532153,0.45433316,-3.5114076,0.4841828,-4.022674,0.537399,-1.1325434,1.6488595,1.9765728,-4.036272,-2.5600977,-2.7964082,1.7432308,4.3585005,-0.7665882,-5.134826,-0.35295197,2.9696422,-5.364277,2.139113,2.41332,-0.49263614,-0.5350392,-2.8349042,3.200072,-0.90649164,2.0079892,-2.5093663,-0.6585216,2.8747427,-2.7268698,3.0850174,6.061039,-4.9122868,-1.939781,-3.2842193,1.2613002,2.2295277,2.55034,2.303742,-1.0771956,-1.9899966,-0.111682355,5.0450354,4.529042,-0.5336175,-3.1838286,6.123699,0.22387753,1.8093468,2.2922802,-1.0492352,0.7358698,-5.99885,-1.8509837,1.6473625,1.9020361,3.6379068,6.8350773,-3.1545537,2.558568,4.4985003,-4.9057703,1.090063,4.25546,-0.29423752,-3.7937183,-0.81720227,-4.288859,4.151761,-1.0494722,-1.7505659,-1.7624922
154,3.4664798,5.2478476,-0.8040795,0.7479651,2.5472286,-2.9655135,-1.8263098,6.292788,1.5048919,3.332952,-2.3223314,0.18959647,-2.20091,-3.8290296,-2.6349597,-2.072658,0.9905935,1.6774627,3.8042474,3.3866162,-6.1183205,-0.91284746,-2.261271,-0.4433197,3.3153393,4.0495124,0.042344335,-2.6601944,1.2883352,-2.3312166,-3.6453185,1.0697957,-3.2852783,2.4668865,-0.38579178,1.6122348,-2.6679394,-6.7004967,-4.515193,0.9098335,2.736147,1.3428478,0.65622634,-1.0463059,0.6948087,1.9528013,-4.057447,4.3428307,-2.090929,-1.6904056,-3.0785873,4.382948,3.2034247,2.2353282,1.9479071,3.6564915,1.0068129,-0.21733285,0.42569813,0.18071544,-1.9084504,2.202532,0.7688246,2.8385105,-2.7140846,-0.7521547,-2.2227132,0.33518076,3.0502114,-0.043027636,-3.2075803,-2.1840382,0.9712412,-4.344344,3.1410205,1.3083477,-0.07449112,0.8085959,-4.105079,1.4030274,-0.270322,2.1629064,-0.36867225,3.2244718,2.314574,-1.9409393,4.3781843,4.5046344,-0.8393405,-2.8166013,-3.4695764,-1.7291138,1.2739427,-0.1447647,1.4498509,0.33419722,-0.64326674,4.1363173,2.897575,2.889234,-1.3994107,0.85490316,4.589237,2.2975924,-0.37096792,2.212583,-1.8849554,-0.10744901,-6.1792574,-0.9545296,1.7736236,2.0670774,3.1404808,4.742281,-4.5606966,3.0994022,2.5212908,-6.003185,2.3001974,5.0780435,1.5422394,-2.120595,-2.250123,-3.1523712,3.060171,2.4312272,-1.0015618,-0.77111757
155,2.4654167,2.544282,-1.7517323,-1.9710847,-1.2555817,-11.657235,-5.266566,7.7979517,3.5345216,12.258471,-0.3649131,1.3343003,-4.411113,-6.0754194,-1.4392016,-4.0890417,-0.3040002,9.224551,4.9639654,7.0966964,-7.5283275,-7.961499,-5.1340427,-0.20795411,6.9381385,12.278895,-0.08199532,-5.3483524,1.4502366,-1.6998918,-7.164897,4.879768,-2.8582554,8.431348,-6.4663053,-5.3038144,0.84870344,-9.007361,-2.397903,6.4377255,1.2173198,-3.0642085,-0.88940674,0.8620374,4.281673,8.129419,-7.6076508,4.298689,-5.35557,-8.940426,-7.6828723,9.590921,8.415119,2.5262673,1.364808,3.3973093,-3.502835,-4.69171,-4.8613176,-4.503747,0.23542975,0.23016654,3.9686863,4.15179,-4.9118605,-4.1886344,0.85480076,-0.729927,0.10049831,-5.537804,-3.0759544,1.3242509,6.542684,-11.175195,-0.19513126,3.2924776,-5.2361064,-5.968605,-4.709999,2.9183335,-1.5933969,0.4102973,-4.6708713,9.0462055,10.213697,-0.77541,12.663698,6.1557207,-4.624201,-2.4576263,-11.332955,-5.5214005,8.154652,-4.296255,0.97713006,-1.3518412,-3.896748,3.0077105,1.4929854,7.5995326,-7.5050907,-0.14140299,5.5067816,8.900681,7.858046,4.0346675,-5.76185,-3.7032616,-4.571354,0.8504259,4.0707726,4.832278,1.0652612,7.920158,-7.431856,6.079543,8.902865,-6.551664,1.134354,6.394458,-0.70821846,-4.7142253,-4.4048734,-9.579243,4.7539897,6.874639,-3.999689,-2.2508342
156,3.6253624,7.2884693,-3.8046665,0.48378658,3.247875,-10.86807,-5.697032,7.928242,1.9003367,5.4110713,-2.7467725,-0.2041156,1.7165239,-4.646545,-4.1367416,-6.0103283,5.3122067,6.2704434,7.325297,5.426858,-1.504549,-1.677661,-5.6606245,-0.3986521,3.6541276,12.713414,-6.8689156,-10.77238,4.237208,-9.351,-12.618286,1.0003176,-6.282354,10.847616,-1.4166669,2.5036256,-1.6464868,-11.360748,-7.6512427,-3.961497,1.4819438,0.4327489,1.7411005,1.5109117,4.5030007,8.112193,-7.120554,4.636272,-2.7904227,-2.058547,-8.089569,7.3335075,4.4437532,1.4417439,2.268906,6.527794,5.42443,-3.4537647,-1.5549849,-5.0769587,-2.405185,-0.8632585,3.4260356,5.097886,-1.6857395,-3.7899454,-0.6802702,-1.8655648,5.34019,-1.7508212,-5.7776957,-1.8049124,6.5408354,-5.101266,1.0880729,0.15678993,3.722205,0.014021139,-7.910911,3.1278245,-2.490811,3.1858106,-0.8554359,-0.57401216,3.0301926,-6.6776257,6.7650347,7.428354,-3.8538773,-8.87419,-5.812809,-0.5110472,3.9848027,3.3958888,-1.5117699,1.101403,-1.8909558,3.1182797,8.229752,3.2142534,-0.2796906,-4.0320835,9.94225,3.0050488,7.9079933,7.208263,0.02808746,-1.7412447,-7.823089,-1.7875324,0.40437675,4.182296,7.1234913,6.380322,-2.5469651,2.1202776,5.226352,-11.236747,1.2784213,7.74778,-0.078224376,-1.2786413,-3.5436494,-4.565503,5.1608562,2.79458,-2.3988655,1.3283126
157,2.619225,1.7539088,-1.5603707,-1.5295593,1.157128,-5.447445,-4.478001,7.930064,0.8084462,3.7219758,-4.602756,1.5933743,-2.5330174,-3.2218504,-5.4614363,-2.3824828,3.1825619,4.5662217,1.5110798,3.0248702,-5.364378,-1.9239185,-2.5908887,0.9208102,4.05864,2.3748875,-0.58168167,-5.3023505,-0.43900114,-4.2728667,-3.1296825,0.080715105,-4.5712,5.660642,-3.2807357,-3.0680647,-2.1115336,-6.879621,-1.6185133,-0.9967209,1.7842234,-0.036807604,-1.7961686,2.4406009,-0.6820589,2.875275,-5.492947,2.7838154,-1.901594,-3.9683611,-1.3878765,3.5055711,4.7906075,2.2288048,0.2117105,2.3398614,1.4842303,-3.2709162,-1.3285512,-3.7052317,-2.3833456,-0.5841704,1.4461081,2.255739,-3.4595742,-1.9607319,-0.75959444,0.9578337,0.8418841,-1.0830035,-3.6994588,-2.3944635,3.1107135,-6.1170406,3.637332,1.4761263,-1.4782809,0.7161753,-4.0859222,0.8825264,-2.9207246,1.8922944,-2.6051989,2.1301951,4.403927,-2.5586534,4.4233484,5.342767,-3.2094085,-3.5210297,-2.9361145,0.20321949,1.1082847,-1.0536805,0.7913379,1.051892,-0.69608593,3.8597236,5.9110317,1.362812,-3.4337225,-1.1947044,3.8688872,2.2080326,1.0255481,2.5431545,-3.4377823,-1.0916376,-6.0047216,-0.4593834,-1.286162,2.5469508,1.2975739,4.4852366,-4.637939,3.088441,4.0297794,-5.024347,1.1101571,4.9204054,0.7155776,-1.6285336,-3.9314787,-1.9089257,6.1208105,4.477076,0.31761688,1.7412809
158,3.8436859,2.853625,-1.2125115,-3.1625347,3.0849998,-6.060368,-5.053825,9.312478,6.177624,6.979559,-4.5880504,-0.13635746,-7.0508337,-5.360572,-5.814784,-5.5999956,1.2517719,4.6419554,5.460298,8.097494,-5.402734,-7.7115693,-1.209823,3.6701393,5.03029,5.1141305,0.32791588,-6.333019,5.285541,-3.3010461,-3.9625053,0.67698324,-5.7290435,6.842228,-6.015168,-5.37099,1.1932409,-10.410181,-0.50072795,3.723213,2.2682037,-2.492195,-3.0977416,1.180336,2.414619,6.0669765,-11.029605,3.5216413,-4.3804145,-8.703837,-1.0535532,4.301851,4.316093,4.502572,3.0573437,2.9650342,-0.1813357,-1.5687883,-3.68986,-3.1568456,-0.35484672,-0.073928386,0.8684983,0.28142115,-5.316199,-4.126854,0.8906724,-2.960386,0.21638021,-4.2088265,-3.379425,3.9729285,4.503684,-10.276168,0.9729214,0.4590901,0.37844256,-1.6038444,-5.6433034,3.3307147,-3.4449806,4.466118,-2.0096636,6.878399,3.5017133,-1.0257119,13.005994,8.783125,-0.31967518,-4.310985,-6.884146,-2.496191,10.163841,-3.6036012,-1.0176152,-2.5651164,-3.513881,7.548544,4.54826,4.205075,-5.19111,-0.5782543,3.6943445,3.1598818,7.039763,5.961962,-1.0699733,-4.3415976,-14.085368,4.013578,-0.18499334,3.0224314,0.653004,6.044612,-2.3656082,6.01693,7.2996883,-5.5166087,5.576783,5.897213,1.6337439,0.7105765,-5.653123,-4.95087,8.091883,6.9460244,-2.4551895,-1.8458405
159,2.6063664,4.3680286,-1.6349328,-0.8557823,-0.26588303,-4.4741077,-2.4333937,6.417655,1.9215438,5.048124,0.6622098,0.47665253,1.0214038,-4.189064,-1.3320594,-2.2036488,-0.28502503,1.7424884,1.6722895,2.1508229,-4.5410185,-2.57353,-0.22390085,0.82789123,2.2693427,4.9850097,-1.8061029,-5.5610394,0.53349185,-0.27934733,-4.4085126,-0.3197083,-3.9601505,3.162064,-1.54783,-1.4011745,-3.3086205,-8.926852,-3.1232643,-0.65298545,2.725108,0.012707658,0.49206161,1.0045238,0.25381,3.6859772,-3.2403731,0.99563503,-0.85850435,-2.5755868,-3.9561825,4.2079277,3.8704987,2.3556588,0.83623564,3.27793,0.75393605,0.0055877147,-1.3117614,-2.0336049,-2.1955774,1.6868107,0.93490446,1.6791172,-4.050364,-2.5972707,-2.2828226,-0.31100047,2.57142,-3.1958323,-0.8347873,-1.2266468,1.7675393,-4.3646655,2.9835463,1.3190097,-0.49783424,-0.010543024,-0.86388576,4.95846,-0.48636577,3.8686693,-2.229347,3.2902,4.233255,-1.9981675,6.4513817,5.4769316,0.6858288,-5.543554,-5.6812797,0.9154209,1.7418749,-1.3224372,1.3448323,-0.47692746,-0.8732331,4.117764,3.4226594,5.679748,-3.0226164,0.30028465,2.0778158,2.2079947,-0.35971776,3.3094823,-1.2212297,0.6697747,-8.592755,-1.3169726,1.1828786,2.0388565,1.2587965,3.5581143,-3.7003915,2.5730617,3.0729086,-5.0946336,1.6689664,5.0188136,2.653677,1.8148963,-3.4886487,-0.059509996,2.979984,1.9339609,-2.5181172,-2.2307286
160,3.7773254,5.413381,-5.788421,-2.7108335,1.8892696,-9.623693,-5.7539196,7.7983637,4.635301,5.3518147,0.09203632,0.9210098,0.45204747,-4.394551,-2.219049,-5.484778,3.7387102,6.568324,5.3395524,3.3721735,-7.50768,-5.6406264,-4.024906,-0.13583548,5.1893654,8.2124,-1.593504,-10.167837,0.33436105,-4.484163,-9.198774,1.7421968,-2.5301197,5.4713516,1.357453,-3.314615,-0.57756823,-10.959976,-5.9380636,2.3701499,4.4580307,-3.4733214,-2.182803,1.2540321,3.7643688,5.939942,-6.005219,2.4284384,-3.9823043,-3.0738688,-4.589681,9.415042,3.6229167,0.34099203,5.240258,4.3831205,-0.08128761,-1.74876,-5.610822,0.0040226076,-4.0031366,0.55352414,5.6693783,3.1808376,1.121448,-7.6585746,-3.9215422,-3.971715,2.926207,-2.364727,-4.323544,1.2026979,3.7882822,-8.3802395,1.7587446,-0.7000129,-0.074536756,2.350835,-3.2509897,0.2028452,-1.8354197,0.48518798,-0.8318147,2.0642338,3.3218641,-1.5434315,7.578918,8.250129,-1.5403221,-1.2819511,-10.969334,-4.0003185,1.9222057,-1.598077,-1.9348904,0.7998562,-2.538549,5.148512,3.2960587,4.0198846,-4.9716067,0.31829733,5.4134517,8.025279,2.966046,2.7611635,-0.55228996,-1.360018,-8.0469475,1.4441063,1.9319373,2.8370411,1.6419494,3.6888814,-5.341711,6.9196973,4.844456,-7.973373,1.7434833,9.396429,1.1447154,-1.8887072,-4.8437176,-7.792711,3.404106,1.7869717,0.015816383,1.3275751
161,1.4709524,4.150629,1.3872625,2.4841871,2.7761652,-4.7759767,-1.0430119,5.7775106,2.7466638,3.832462,-0.07339982,0.21556783,-0.6294975,-2.785221,-2.1901338,-1.6139477,1.9256096,1.2112794,2.8835711,2.2179298,-3.8483272,-3.4254606,-0.24084422,1.2632403,4.5805526,4.4742303,-2.7768536,-6.544734,0.36079088,-2.3497798,-5.802035,0.82446855,-5.0838194,3.8998106,-0.14123866,-1.1000516,-1.6491085,-7.380128,-5.15313,-1.579482,1.6428428,-1.1960154,-0.5216729,-1.9606445,-1.4051335,5.3504534,-5.7424674,1.7009344,-3.5865712,-2.502394,-3.6305654,3.9511745,2.8399246,1.3335106,-0.6728011,2.3018665,1.2145487,-2.9432576,0.820654,0.65358007,-0.29122937,0.5688669,1.0597357,1.4054918,-3.0342555,-2.715736,0.25917083,-0.22382388,4.3597503,-0.72190964,-3.3039281,-1.4701551,2.9072638,-1.9111825,1.8075585,0.16691245,-0.52021366,-1.3511281,-3.2374868,3.655116,-0.70790774,4.4348326,-2.0273066,1.2937757,2.8528843,-3.628688,5.26636,7.4832606,-1.3620715,-5.2087493,-3.1332502,-0.16257359,0.6596496,-0.24916932,1.9610724,-1.1470621,-1.6414135,4.003998,4.4498315,2.9779563,-1.5052102,-1.4737039,4.624266,0.45577753,1.4203439,3.6488652,-0.51561964,-1.1792212,-9.303153,-0.67301625,0.5421936,1.9991817,5.0006227,2.914478,-3.300945,0.779064,4.880752,-5.4075418,3.152203,4.2647467,0.80869114,-2.062214,-1.2996426,-2.903208,4.1405597,0.5694243,-2.1524198,-1.0575848
162,1.458886,3.4264443,-0.9195328,-0.05499097,1.1462513,-5.7179694,-1.9791784,6.6197724,2.1478064,5.771863,-0.6159881,-0.023235286,-0.5330339,-5.067391,-1.7727267,-1.5421177,-0.00512108,1.7251134,2.290904,2.2065346,-4.617651,-2.2286944,-0.05973597,2.0456634,1.8241413,4.538637,-0.78999424,-5.378702,1.5148938,-1.6855876,-3.2434306,-0.21575995,-5.485153,4.582363,-1.7906272,-1.6449164,-2.4088027,-8.0747385,-4.8252597,-0.39871758,2.751915,0.7786385,-0.051265173,1.8911469,1.417683,4.9514384,-4.2890673,2.2284334,-0.63566387,-2.7538226,-3.645065,4.3339386,3.9742012,3.8065755,0.14291902,2.6393735,0.8938811,-0.37635,-0.84769726,-2.1744807,0.2960036,1.5157822,1.6434444,1.7980402,-4.770096,-2.2346792,-2.612062,-0.28867093,3.3556306,-3.4473338,-1.7789075,-1.9472127,1.7178692,-3.3658361,2.7149599,2.1004193,-1.3306054,-1.3328755,-2.0361736,5.343167,0.15152514,5.1699286,-1.8354542,4.4757066,5.405334,-1.6379178,8.353537,5.784152,-0.318827,-6.805386,-4.9301305,0.9178606,2.558979,-1.8469884,1.1501997,-0.57387704,0.657294,4.5793324,3.4484818,6.2736044,-3.4399195,-1.3643042,4.317793,1.3569683,0.3211398,2.8332999,-0.15420738,0.9488357,-9.331612,-2.684916,1.5948873,3.0761313,2.5573187,4.65857,-3.589596,1.9884288,3.5629492,-4.7846894,1.7490332,4.543283,3.125614,1.8261579,-4.306291,-1.0536155,3.805714,2.147566,-3.3611155,-2.53465
163,4.777718,4.1309004,-2.932281,-1.5653576,-1.5190114,-6.7412205,-4.4354763,6.7918563,1.0923109,5.9544654,0.987138,2.1513855,5.2849092,-5.732815,1.4816669,-5.7978373,-2.7244108,8.080717,3.5658534,2.107807,-4.440075,0.7591506,-2.212108,0.87346363,2.4623027,9.188778,-2.760439,-6.495664,2.0967135,-2.204701,-7.279741,0.45501378,-2.1759858,5.905603,-4.9359827,-0.32639375,1.6364149,-4.4145126,-0.6172835,-0.025656972,3.7618535,4.858877,0.70081645,2.5941634,5.167702,7.1291122,-3.314296,4.3011627,-5.2280526,-4.127864,-5.4606895,9.217318,5.673446,-1.384699,2.1269379,6.0250816,-0.5767714,-4.3792806,-1.1806463,-5.4730616,-1.2645327,1.2530994,-0.29483655,4.0053763,-4.286982,-2.4350924,-2.719355,0.9245103,-0.36040732,-5.069933,-3.5067215,1.9092234,5.6847773,-5.006402,3.8951488,1.3012433,1.5323201,-2.631629,-1.3431357,0.9138898,-0.6600108,1.9048793,-3.7594266,5.7482567,5.6362324,-0.26276636,9.496639,2.5248373,-2.503097,-2.5972388,-9.091231,-1.5650079,2.917629,-0.8942053,-0.49370193,4.968139,-1.6289494,0.83403665,0.4126571,6.4888062,-5.7764497,-1.5601588,3.460138,9.631987,4.6934648,3.9843783,-2.6094973,2.3777182,-6.0594826,-1.0263535,0.21465574,0.5766999,0.22331408,5.500513,-5.842971,5.426891,4.6775413,-5.7212133,2.1679335,6.6541724,3.4466588,2.1794717,-3.3099272,-4.4656777,0.55129874,2.5444689,-4.742398,-1.354229
164,3.0702899,6.494388,-1.7461505,-0.63676274,0.88474834,-2.9171805,-1.7800722,2.383012,1.2420305,4.8666673,-1.8419735,-0.2436569,-0.10457376,-3.3254762,-2.877821,-1.009381,0.7816011,3.527909,2.630193,4.476686,-3.297608,-1.145581,-1.5095628,-3.2227936,3.4251263,5.2106276,0.3042066,-2.2057557,0.34503996,-1.0402027,-3.8858948,0.31355053,-4.002315,4.977904,-0.120669425,-0.29502234,-0.59728,-8.081913,-4.0760713,-0.5238674,1.4051948,1.40852,-0.61739314,-0.2177485,0.37153077,3.680716,-3.1238315,3.387134,-2.9339073,-3.424649,-2.2891123,5.45051,1.1077287,2.3136694,2.3354287,3.095673,2.310911,-0.4384557,0.60799116,-0.9864552,-0.61529154,1.356687,0.19886295,3.355848,-2.6266656,-1.3715948,-2.1032665,-0.7277018,2.4739184,0.21847281,-2.0774717,-1.9114772,1.2292526,-3.8873646,2.6243865,0.58641386,0.43862846,1.3716235,-1.8603374,1.9305679,-1.8598611,2.7056499,0.31222108,1.8625875,2.66274,-2.291007,2.3768728,2.977386,-0.08376308,-3.317499,-4.0925097,-1.927893,2.0017707,0.5969523,0.25234163,0.460354,-0.017374702,2.3493226,5.7272367,2.880389,-0.91454935,-0.51218754,3.060194,2.0316656,1.5468578,2.6340857,-1.7703555,1.5457532,-6.4982886,0.5566997,-1.1075864,1.4044067,2.9764233,4.2593193,-4.5928283,2.6745844,1.7833165,-5.809985,3.5864692,4.125409,0.94456875,-1.0965824,-2.8740668,-1.4762982,2.8933392,3.1144655,-0.2360784,0.46841604
165,4.5843973,8.022031,-1.0568982,-0.46471098,3.7844224,-4.477182,-2.154337,7.300813,2.996651,5.6239843,-1.3335199,1.1997378,-4.4055114,-3.6882703,-2.6728785,-1.9711217,1.1280621,3.1829627,2.8255742,5.8831086,-5.9432235,-3.5193155,-1.7569553,-2.018133,5.208683,6.5731716,0.17527711,-2.7331035,3.697388,-0.23996682,-3.1007805,0.13751142,-4.611077,5.984934,0.3484916,0.288877,-1.7049909,-10.094823,-4.1242633,0.5962835,0.87501997,2.9020119,0.50486004,0.41751143,0.79403853,4.701999,-5.370243,3.0963862,-3.865357,-3.3922377,-3.659025,4.335868,4.619682,5.4653807,0.8056196,4.4156594,0.04735146,-0.41253456,0.3952277,-0.77500975,-1.5002841,2.8978007,0.45076537,3.379292,-3.6967363,-1.8940626,-3.3106282,-0.47760716,2.5603898,-1.1241525,-1.7635897,-0.777007,2.810892,-6.25765,3.6535892,-1.2265733,0.66538954,0.46828634,-3.9025075,1.8939018,0.538786,3.5750127,1.0405759,4.784859,3.70211,-2.3091621,7.0067825,5.84822,1.52725,-2.8990552,-6.8476195,-3.6239467,4.475861,-1.3871489,1.6146638,0.5961315,-0.44256365,3.800424,3.128413,5.3287616,-2.408585,-0.1574186,3.6569116,3.4403074,1.944247,3.071722,0.08318296,0.4910101,-8.4732895,0.070628725,1.5909187,2.3626437,2.5926478,5.9817,-3.237369,3.467349,3.5883703,-7.7642326,2.847917,6.2473683,1.1736017,-0.25824633,-5.525632,-2.1888835,4.9887195,2.8688035,-2.2268133,-1.0183043
166,2.256662,5.3356204,3.0658295,4.3456383,2.3430383,-4.2351923,-4.05729,7.7296505,-0.3131887,7.026224,2.6447945,6.8473277,-4.512442,-7.8441114,-2.0986366,-0.6562222,1.3170029,6.917788,9.212895,4.3210278,-9.5931,-3.327676,0.36681432,11.682084,6.833712,5.9951262,-4.8564124,-8.8298,0.30792582,4.9407897,-11.624856,8.997198,-3.5812316,2.854012,-6.1880937,0.3635152,6.507573,-7.394041,2.0339806,4.7898574,1.2464348,-0.95108867,-1.679454,-0.851171,-3.9571288,6.3552313,-8.660992,5.879222,-4.4670095,-9.496465,-5.4326696,2.167807,1.6705685,-2.3033743,-0.30087525,-0.48369488,-2.5003252,-7.5339246,0.47195733,-2.4082868,-6.4297075,5.67127,2.0816247,3.8415408,-7.6085176,-3.0558012,-2.1487598,9.483679,3.7867515,-2.2416723,-5.600689,2.5934637,6.7817054,-3.8978078,1.944217,-1.5215999,-5.583827,-1.9434133,-6.158325,7.822984,1.5816691,7.115241,-8.444891,5.979629,9.997899,-0.5017933,9.990466,7.992978,-9.382619,-4.979568,-10.10719,3.5224116,4.759501,-0.86716264,8.18731,4.595842,-3.9735732,0.16862826,9.206209,1.6495314,-6.199579,3.1363008,7.9931235,8.989686,5.3883586,8.681832,-1.1022505,-1.6902133,-9.053234,0.9281598,-3.870532,7.2020826,0.028540846,9.830878,-3.923025,6.2938614,2.983899,-6.4174423,12.462783,6.614363,1.071296,-1.0283773,-1.2626213,-7.5213804,9.827869,2.5276773,-4.3840027,0.0071151406
167,5.8005705,5.7013264,-1.2015384,0.9835235,3.7190151,-5.4134226,-2.779907,7.578717,2.2254794,6.2624016,-2.1614592,-0.17274162,-3.091028,-5.213203,-1.2067627,-3.295203,1.4995699,3.291596,3.0619416,6.0809503,-6.8880606,-0.871238,-1.803951,-1.5204433,4.7084203,7.5602574,0.8705761,-4.0780544,5.445002,-2.2473102,-1.1152667,1.0513407,-5.814649,4.868892,-3.113973,-0.49317837,-2.6352215,-8.926756,-5.9268484,3.242937,1.5039225,1.112325,0.8440788,-0.09134148,1.7137848,5.755407,-4.628746,3.011915,-2.29977,-2.3904169,-2.3037572,6.194745,5.3400536,5.7237334,0.45420006,3.1172154,-1.9543353,-1.4207529,0.94949484,-0.6537289,0.2640464,3.2755985,2.5046508,3.3968737,-5.032119,0.62978536,-1.6596878,-0.6079827,2.4877315,0.54649526,-2.257163,0.28796533,1.2071838,-3.2928708,2.0067084,0.2600682,0.45164436,-1.2964312,-4.349042,4.7369437,1.5812669,3.0303104,-0.72071046,4.894838,3.1647625,-2.7274342,8.714718,5.234207,1.0775764,-6.9224315,-3.686188,0.5442887,3.4946685,-2.3329573,1.6678529,-0.77682495,1.506539,4.274888,3.5010662,5.815349,-2.7543554,-0.740644,4.083747,1.2148912,3.52402,2.8280923,0.28734678,0.3389254,-9.008585,-1.8554922,2.0821607,3.2173853,2.0425422,5.1629853,-5.2559457,2.544323,3.6483517,-6.573129,1.8707272,5.0810213,3.1806908,-1.385086,-7.1175594,-2.3810441,3.5184054,4.0871644,-2.9083378,-1.999243
168,3.4400983,4.864413,-1.8882314,-1.6025454,1.2824328,-1.9114897,-3.4129436,5.6174707,2.1352382,2.9650333,-0.9540051,-0.17771283,0.41719082,-2.8175893,-3.185052,-1.2226079,1.1586444,2.526978,0.68960553,2.6117675,-5.69155,-2.002649,-2.1422918,-1.1220305,2.9984353,3.3011675,0.05353205,-3.2567995,0.12392227,-1.7711704,-2.5872793,1.3197788,-1.9381851,2.0857267,-0.5626177,-0.56552064,-2.9508355,-7.2812257,-3.1847181,-0.5562154,2.3649876,-0.10809657,-0.5575312,-0.52573687,-0.48654622,3.110724,-3.3493712,1.8884184,-2.6089728,-1.4877628,-2.825081,2.4067366,3.2178113,1.8029022,1.9252558,2.9327328,1.0020431,-0.0859222,-0.55957884,0.16079473,-4.1665487,1.4822809,2.1997054,1.9068524,-3.0459764,-1.3511372,-1.4471213,1.193742,2.1913018,0.28929856,-0.12657791,-1.758233,0.8729993,-5.787302,3.0986161,-0.28074062,-0.19417527,0.76322097,-1.4616064,0.72651875,-1.7324437,1.7599148,-1.4464792,1.4076126,2.0938153,-1.7138368,3.8184755,5.0292025,-1.6683521,-2.5884292,-4.60177,-1.3121462,-0.005532153,0.09980824,0.6630943,-0.41329017,-1.3758533,2.9844785,3.8698504,3.2341163,-1.7705054,2.014169,2.6381388,2.302891,-1.1285815,1.6578871,-2.047934,0.613088,-6.653993,0.22122332,-0.20207067,1.2549919,1.2047435,1.815875,-3.2285817,4.8054223,1.3890438,-4.7941227,2.3706052,3.9921334,0.32953337,-1.6615691,-2.3563023,-0.95549154,2.501652,1.6648277,-0.5115985,-0.018638305
169,2.4069908,3.8458679,-2.5668674,-0.7738864,0.29277587,-6.254806,-2.0201385,3.9608414,0.9461668,3.4895084,-0.59977597,0.4972382,1.628498,-4.4004836,-2.651458,-4.5736775,1.6656303,5.605113,3.666489,3.5171986,-3.1625612,-0.92351,-2.2642252,-0.953387,0.28114974,8.103825,-2.97233,-7.4259696,1.197305,-2.5930638,-6.26017,1.5541905,-2.9942982,5.93956,-1.1620601,-0.038899627,-1.9982996,-7.0431705,-5.316748,-1.9013141,1.2235478,0.09154269,-0.60173684,1.5043974,3.3313093,6.6320753,-1.9466219,3.4975681,0.109085515,-0.86174065,-4.109588,5.4331884,2.9981966,2.7285235,0.4235792,3.700083,2.0746367,-2.0078568,-0.85356104,-4.1417155,-2.3112836,1.501365,2.044573,4.439564,-2.6360297,-1.4231206,-2.6173587,0.6847192,2.7654746,-1.8049409,-2.8728082,-3.266367,2.3824248,-4.554354,1.6033721,1.4077336,2.210329,1.1118841,-3.5760007,2.9350467,-1.5288414,2.6032114,0.07000784,-1.7634518,2.8368597,-1.5646054,4.6450562,3.5353749,-3.6066587,-5.093282,-3.9684255,1.7625918,2.8874896,3.1530435,-1.2805082,-0.6520133,0.989042,1.1480566,7.609325,3.5418193,-1.0253097,-1.8075055,5.334328,0.9122201,1.5214529,3.2981176,-1.1293149,1.5754162,-4.6586595,-2.3596935,1.1452669,0.96293354,3.8717742,4.6344013,-3.3876505,3.3906484,1.0224041,-5.625293,-0.86015385,3.219465,1.3688786,1.0405337,-4.465652,-1.5597078,2.9553914,0.22517987,-2.4752376,-1.2751305
170,1.2587173,1.3210855,-0.09046061,-2.138931,0.5478449,-8.666615,-2.7044532,6.03869,-0.65997976,4.503916,-3.2631438,0.248873,-5.9352784,-4.250779,-5.507158,-6.2945285,2.8440955,4.6169934,3.27451,4.716516,-3.5396643,-6.708823,-1.4229262,-0.14254245,4.0795627,3.6800501,-1.244959,-5.7656093,0.7850901,-1.5482547,-4.258522,1.2129048,-3.8737664,10.323384,-4.011136,-4.199723,0.5595584,-9.4773245,-0.7703757,-1.5879309,-0.925896,-3.2605631,-1.7138758,-0.09938483,0.38484848,2.720783,-6.686697,0.24291174,-4.347217,-7.8651333,-2.8730865,3.2426243,5.1219273,2.61443,-1.173912,3.756359,-1.1253306,-4.812651,-3.7062333,-4.6220126,-0.93320215,0.41923332,0.6057948,3.6328142,-1.7369554,-5.105228,1.54287,-1.2474641,-0.14867407,-4.4526577,-1.7371405,-1.8900038,5.5124207,-11.5583,1.6627358,1.468292,-1.417572,-1.8164853,-5.6020117,2.919225,-6.520334,3.5238647,-4.086051,4.2407203,6.324941,-3.744176,7.2596345,4.9964004,-4.455466,-1.0081855,-4.6069546,-1.68252,6.4496813,0.19235927,0.7547232,-1.3607261,-1.9847487,4.408824,4.117127,1.927761,-4.7822285,0.6957795,1.9805644,3.113247,3.178931,4.8372884,-5.5568,-5.799296,-6.104125,0.47195828,-0.24835931,2.0414977,2.1096873,4.570585,-2.1307387,2.3220992,5.12326,-5.3802075,0.5397312,4.279384,-1.1938221,-0.5299333,-5.2759748,-3.7212582,8.113357,5.68686,0.10282772,-0.80651224
171,4.9240465,3.6268458,1.5969455,0.7536002,0.75486475,-3.8864083,-1.9257785,7.624125,1.1579571,7.126077,-0.93224204,2.4483838,-4.179057,-7.715286,-2.543261,-2.7597895,-1.3317994,4.5747285,2.1670263,4.7289658,-7.331516,-6.277213,-1.8836716,3.255457,6.2883162,6.095469,0.92889756,-5.485555,0.11686838,1.4025469,-5.2885494,5.9272585,0.4983666,4.804058,-8.0944,-2.1590784,-1.2470366,-10.470843,-0.050837606,1.9395468,1.4576056,-3.607857,-0.9828953,-2.3266048,-1.8864726,3.7066891,-5.123361,1.9674561,-7.3058095,-6.2441816,-3.45087,1.7562786,6.423156,2.9076903,-0.5433769,0.82630354,-3.3935206,-5.5408907,0.058748566,-2.4352324,-3.175535,3.896115,2.4771674,4.110551,-5.0218444,-3.243794,4.8982205,3.500684,1.7189078,-1.1032721,1.0843909,2.7875593,5.494432,-9.236894,-0.13518542,-2.0037527,-4.244105,-0.70902294,-2.3408508,5.4647,-5.804366,3.726755,-6.589554,5.8429193,6.888781,-5.2508607,7.314634,4.563286,-5.4583907,-0.6064865,-5.875364,-1.9189194,3.9396443,0.20986694,5.7259417,1.1205149,-4.128005,4.27444,5.127393,3.3304822,-3.605516,4.881117,2.7516632,3.0674276,2.6257584,5.7252984,-3.827213,-2.6080875,-11.939091,2.4426374,0.4931138,1.7380564,-0.7813113,3.759363,-3.3511746,3.473037,6.098629,-5.8491364,3.8084087,2.1390913,-1.4197953,-3.6054075,-4.124231,-4.665194,5.210111,5.811134,-2.38062,-3.9946127
172,4.741646,4.1565027,0.8526948,1.2973559,1.1981785,-3.7513053,-2.2702951,2.7502294,2.1946857,4.6858783,-0.6685942,2.400125,-0.049143024,-7.231704,-1.2861743,-1.9940128,-2.4091935,2.977357,3.6303148,4.5896707,-5.222038,-2.6049106,0.46861795,2.2632143,6.178807,6.766336,1.2520787,-5.4194217,-1.3966657,-1.960819,-3.749765,3.8958035,-0.6882843,6.1565995,-5.341128,0.84865844,-0.334996,-8.645396,-1.9384527,1.8547041,1.700297,-1.3890779,0.8922917,-4.460892,-1.5489316,7.329877,-3.0789146,0.37211648,-7.889964,-5.441873,-2.5632336,5.8530464,5.528775,1.634013,-0.61155826,0.5364159,-1.5825208,-5.9368334,2.090588,0.313974,-1.3638315,4.676986,0.28280067,4.4088163,-5.308101,-1.8305122,1.8571613,3.8366246,3.2065732,0.09601189,-1.2073312,0.3524718,4.1575584,-3.5154624,2.315287,-1.3870794,-2.3028271,-0.087210886,-1.6014124,3.7583158,-2.070518,4.689273,-4.101732,3.6207333,5.5572767,-4.862281,4.0211625,4.9627123,-4.4118533,-2.210913,-7.1556225,-0.87176615,0.75171167,1.4716797,2.3929398,2.8218226,-3.9321792,2.6531734,5.0349846,2.8331776,-2.6645026,1.6475977,0.45993674,2.2184587,4.321384,6.220173,0.35025626,-1.9619101,-12.562386,1.791352,-0.7190075,-0.15408474,3.3757493,1.7187066,-2.7995064,3.4780376,2.730281,-6.2714043,3.9623687,2.472857,0.18281248,-2.4372535,-0.9655799,-4.170017,4.88026,3.1254234,-1.3241187,-4.411519
173,6.3862786,5.0689917,-6.1742253,-3.3395193,2.2765205,-4.4426684,-5.1082644,5.3626595,3.9375126,8.673712,3.2750866,3.5973203,2.5135267,-9.48654,-1.8453465,-4.0530667,-1.0054039,8.704643,1.7952317,4.9615197,-8.043388,-2.3896801,-1.5655551,4.8655233,4.237337,7.993701,6.4609175,-12.234837,2.3181355,-0.5845762,-9.183907,6.070911,2.610897,3.6680036,-4.216865,-1.4417453,0.4869579,-7.6350756,-4.7153044,4.8325214,3.4564712,-5.066852,-0.14925155,0.8014691,-0.12211119,4.024015,-2.6127446,0.58102965,-2.4786255,-7.999234,-6.8767586,5.7625537,5.594636,0.12763499,2.0100548,-1.2912537,-4.2543793,-6.6179585,-4.1954803,2.3932424,-4.8231506,6.287851,4.6496563,5.070369,-5.234869,-2.2042017,-0.4333337,-0.99950963,1.466419,-2.661962,1.5804578,5.053467,6.8014855,-9.423608,2.2274182,-1.6496913,-1.6330383,-0.68644285,-0.8217397,4.564468,-3.3401065,6.105802,-4.691496,3.6710021,4.6164737,-5.5453806,10.291589,2.3112743,-3.2371895,-2.2408364,-10.015158,-3.7665637,0.15721044,-2.9590552,1.8135868,4.267342,-8.227001,8.145189,3.3066201,3.2978742,-6.649372,4.128459,2.189011,8.754128,3.536799,6.6638093,-2.0579164,-0.82818717,-11.972345,4.743495,-2.2166796,2.563032,-2.1742234,3.9492402,-0.94649863,3.2736614,4.8939943,-4.394373,3.6925826,6.797057,3.656724,3.1923509,-4.4638147,-5.6643543,3.048949,5.535687,-6.2873387,-0.7498189
174,1.7725395,2.4244716,1.0234516,2.2659175,-0.7357772,-6.5996795,-1.9906548,3.5848348,-0.8102621,4.0588527,-2.0685124,1.9893057,1.7658854,-4.9608126,-2.411585,-3.0227432,-0.4777674,5.458331,3.3109572,4.3068485,-2.565861,0.28950736,-2.21534,1.6698089,3.2852278,6.81349,-3.3000865,-5.186573,-1.7658478,-3.054466,-6.9354,4.509114,-1.7858783,6.310694,-4.5377326,0.6486265,-0.271603,-5.3136044,-1.7640159,-1.027546,0.524826,0.6298685,-0.09048209,-2.9634364,1.8575584,7.0419083,-2.5620344,4.0869436,-2.5400808,-1.4820086,-3.9031565,4.4026346,4.937794,-0.21514773,-0.16245753,2.239041,1.2354888,-5.0569873,0.34112597,-3.8842626,-0.18761802,2.155045,0.43396467,3.2764401,-4.9906273,-0.3886036,2.774148,2.745698,4.157049,-2.2075756,-3.8666725,-2.4455514,2.9210534,-4.1079817,0.920334,1.7059575,0.57161367,0.43166766,-3.8894424,2.9180503,-3.343373,2.281433,-3.6282163,0.113891914,3.8585823,-2.9211917,2.233187,2.288857,-6.1007824,-2.5005293,-3.5508907,1.8425472,1.5726427,3.6766698,2.0992067,3.1887376,-2.8603017,-0.15486476,5.903207,2.715076,-0.52957505,-0.7607623,4.011305,2.2249713,3.4410424,4.528129,-1.7657713,1.4586382,-5.796376,-1.9165262,-1.2017114,1.4741637,3.741342,3.8605866,-2.6125798,2.8828552,3.2889063,-6.220203,1.1120758,2.6470685,0.44272143,-1.5944875,-0.7182852,-4.478924,2.9129777,1.1529585,-3.5604022,-1.5367105
175,0.39249203,6.520461,-10.021953,-0.87857515,2.0414305,-8.025161,-5.611175,-1.8000114,6.8488274,10.385119,5.674315,4.7507534,5.2192845,-6.3542595,8.128925,-2.2053373,-8.187921,4.3049726,4.5816855,4.116491,-10.870022,0.6616131,-6.327675,10.392385,2.4784217,15.414423,0.44613782,-11.889423,-0.23414055,-2.8447528,-11.282218,6.0358925,6.49389,6.9031014,-1.9563138,7.561312,2.7437797,-3.1251419,-6.209898,5.095058,10.131386,3.4707565,-1.5444386,-1.401103,2.0021353,11.440184,2.3044798,3.5167058,-9.0190325,-6.555411,-8.378083,7.8230476,5.2080913,-2.753772,2.041381,-2.753807,-6.3464103,-8.821268,-5.132441,2.8388538,-6.593756,9.584299,6.7187524,11.269269,-4.5984206,2.4778848,-4.220595,3.2715585,5.286162,-2.233624,2.7168508,1.9582864,9.326141,-8.709615,0.17497158,-0.26287115,-2.4508934,-4.304239,-4.5515714,0.2639937,2.1534207,7.446597,-6.1800857,4.039651,10.89361,2.4020624,15.924392,-1.7034798,-7.0580697,1.5880804,-16.930874,-0.124777555,0.49162555,2.8938463,1.9254643,9.757419,-3.9669228,7.2346296,1.5970231,6.0802197,-10.642847,2.9941342,4.3942266,9.601978,8.537756,7.2179832,0.39070925,8.063489,-14.810271,2.2768395,0.41457972,2.1236968,-0.4543025,5.8849225,-0.5510821,7.5015283,5.8531365,-6.2395663,5.467721,4.25704,2.0498827,-0.8526689,-0.11105912,-8.931611,-1.2374394,4.112221,-7.662,-5.469207
176,-0.6413218,-0.22114874,-2.1069133,-2.7174382,1.001069,-7.5190597,-5.269352,9.938887,4.242865,7.0986905,-1.5809517,0.43375862,-0.29216185,-4.951115,-3.6350272,-6.010732,3.3249948,6.550032,2.9130437,6.9656224,-1.6048074,-9.811392,-2.0034244,2.8194396,6.0847826,7.4776716,-2.6886847,-7.6104693,0.083180204,-0.57091546,-7.1628666,0.8353344,-3.2087567,8.093637,-4.3884215,-5.565156,-0.8576656,-9.70668,-0.55240977,1.131072,-0.36368707,-3.2511904,-3.59928,5.2623506,2.396273,6.124854,-5.9309754,0.18965155,-3.3618238,-8.763719,-4.0005608,7.5135307,5.4981575,1.1011738,2.5738308,1.4282322,0.52308685,-4.2986526,-4.7078857,-4.514406,-0.9236311,1.1579577,4.275741,-0.44405064,-1.7930343,-6.950876,-2.5792832,-3.816957,1.195585,-7.126673,-4.8486514,2.0031595,6.443733,-9.348956,2.4798777,2.1009328,-0.42478892,-1.5104332,-2.2936063,3.236999,-2.721775,1.3858465,-5.0949087,2.1862702,7.2377734,-3.224385,10.060631,8.637333,-0.83366996,-2.3834565,-10.749274,-3.1613553,3.2393315,0.03221557,-0.25696206,3.0019794,-4.164536,2.9852302,1.4746959,6.81291,-5.872435,0.71129405,3.7343872,7.257571,5.376108,1.8321538,-4.3988237,-3.2244534,-8.686505,0.021780424,2.6136491,3.2151515,-0.020821381,3.7902894,-1.4746562,4.329614,7.139755,-4.5169625,1.542528,5.340791,-1.2280315,-0.32883325,-4.2004914,-5.9839373,5.992045,2.7473178,-1.8248959,-2.3275743
177,2.2730901,4.9902687,-3.1854625,-0.4741991,0.71151453,-5.0192347,-4.0627694,3.814331,3.2944362,4.7652183,0.98382497,0.53945243,2.4224696,-3.09924,0.49846694,0.063500896,-0.61155844,2.4504354,1.6739,2.4344473,-3.687679,-0.16318506,-1.0287433,3.2990508,1.0635109,7.75831,0.34720638,-7.3646727,1.5569824,-1.9835511,-7.0066233,1.3452647,0.29684108,4.0776253,-3.1469102,-0.04795932,-3.0385354,-6.3715973,-4.4602065,-0.16008309,4.4280405,-1.2139909,0.28780222,0.9894698,4.4873705,3.1537879,0.16834036,2.0630436,0.30149066,-1.5126401,-4.044156,3.5062776,2.9457257,3.544077,1.0503886,0.8939751,0.05683556,-0.19070269,-0.88718367,-3.1602657,-0.615158,1.139771,3.7232354,3.1346145,-5.4680996,-0.5951162,-0.44082528,0.9872544,4.1162977,-1.2743803,0.63716847,0.028158545,2.387195,-4.289454,2.9502969,0.4320593,0.6783513,0.81690645,-1.5792973,4.7831106,-0.570316,3.896491,-1.7261306,0.8849044,2.4015684,-4.313269,4.4899898,2.104524,-3.3086195,-2.8565671,-5.1381397,1.651142,2.5663173,1.2759938,-0.21253626,0.7654324,-1.3607131,4.9649777,4.7778544,3.7594836,-0.7524263,-0.32857224,3.900319,-0.15888883,1.2392633,6.0717945,1.6410382,3.33979,-7.243748,-0.64848644,0.5056541,1.897467,0.38725555,3.5548642,-0.13826172,2.4590182,4.168031,-3.9986637,0.6375751,4.0211473,2.573309,1.1513377,-2.7721682,-2.291097,1.9142113,1.4489763,-4.4055495,-1.022515
178,2.699393,3.9656072,0.7945207,2.3481083,3.461445,-5.2150555,-1.691444,5.185469,1.5460622,4.433017,-1.7321854,2.2061722,-1.7438928,-4.862802,-3.2711802,-3.386649,0.059860855,0.6138168,1.3000431,1.1007371,-5.972609,-2.9490058,-2.3961952,4.0097837,2.8809042,2.8441794,-1.4125124,-4.5541334,0.08712083,-1.5553795,-6.931696,4.8995543,0.101678945,5.0645,-1.733078,2.066971,-1.9132159,-6.5648017,-2.8196309,-0.18039869,3.5613878,-0.94083035,0.66959625,-3.4468753,-0.33528146,3.6947212,-3.515652,5.4560175,-4.2210946,-2.6811676,-4.5867844,1.1276135,4.407648,-0.5232154,-0.008747367,2.1769745,0.28564143,-3.770062,-0.97436464,1.1629643,-2.0394442,2.143249,2.3941753,4.2434707,-3.574659,-0.052911878,2.3829362,2.192857,4.8203797,-0.81953317,-1.0057019,-2.1109629,2.3310878,-6.3896866,2.2086458,-0.3434958,-0.891404,0.42119426,-4.1214976,2.541588,-5.4845405,3.300241,-3.8141177,3.0216744,3.6893744,-3.2446663,4.5836883,3.7597265,-4.416811,-0.5819489,-3.085615,-1.6622682,0.9656453,2.0215442,3.146606,1.3902216,-4.104693,4.927489,3.6509178,1.5124953,-2.271999,3.1342344,3.7007744,1.4265326,0.7635469,4.598357,-3.245797,1.246977,-8.188238,0.2813464,-1.4246193,1.9203814,1.8179125,4.670062,-1.9420111,2.689209,5.6522913,-4.3981314,3.4641623,3.2366264,-0.29227903,-2.6762962,-0.4607035,-4.350124,3.0525978,2.5856023,-2.9585037,-1.6348395
179,3.3876774,8.566753,-1.2045844,-1.1648725,6.712702,-7.017108,0.32793707,5.299253,0.7527652,8.849183,-0.68069905,1.5993825,-2.2537866,-7.882901,-5.3881183,-4.3935504,2.3396971,2.0093274,3.1383402,0.31344026,-7.1229024,-5.923387,-5.691513,1.2959957,7.2364683,7.4773474,3.743633,-9.093602,5.7972355,-0.6336866,-7.6829844,5.3562717,-1.8214421,8.290481,-0.28165033,3.4782422,-3.0487103,-9.031554,-4.425481,0.26654357,4.1823587,-6.1243134,3.1379826,0.37738428,1.2579467,2.2805552,-6.3874907,2.4984145,-4.954932,-5.473027,-7.351652,0.1441206,4.2165833,0.65649116,-1.7796972,3.531254,-1.0698216,-4.715347,-0.72419006,1.4236189,-2.0155153,1.4579521,2.4508913,6.4775777,-2.1332524,-2.968126,0.9492877,-2.603677,7.2641525,0.50564027,-0.7558859,0.92101896,4.0114985,-12.809493,2.1593347,-1.7578174,0.23817375,-0.67537254,-3.2631657,4.666447,-6.7799363,5.693019,-3.2797854,4.770934,2.2705708,-7.566935,4.662171,2.2306838,-6.4317694,1.1172794,-2.6864579,-5.385544,1.7189078,3.0084355,5.1110554,0.5967082,-6.1207414,7.9718666,3.7466824,3.1453488,-3.794005,-0.8376272,4.713915,4.239218,0.76326525,7.6659117,-5.490686,-2.034888,-11.842172,4.410774,-3.6155984,1.3741553,3.1058714,6.514416,-1.6149335,-0.7960631,9.576578,-4.6920824,3.8029249,4.7450075,-2.0401416,-3.7533336,-5.351994,-6.113446,4.4216585,6.199797,-2.7356963,1.1525882
180,4.346988,4.3184066,1.7454294,-1.144803,-1.6223152,-2.426434,-0.983597,5.73649,1.0857139,6.6716127,1.2806517,0.9262784,1.5807763,-5.7545505,-3.1608229,-1.8875854,1.1671271,9.674883,1.1366512,9.957437,-2.6244705,-1.0012863,0.12993303,-1.9551413,5.7921276,7.599038,-1.9427668,-2.9594429,-2.1848013,-0.29925248,-3.241723,4.4513283,-1.1574452,5.1959696,-5.656493,-4.6765375,0.7609309,-7.487931,-1.6881804,-1.2346594,-4.173569,-0.1047152,-3.4683385,1.5244169,-2.0481648,5.8910303,-5.1542993,0.96440387,-4.1653132,-5.2213116,-0.5847632,4.477338,4.4561887,1.4379203,-0.72315395,1.3102853,-2.0785208,-5.902293,4.3493958,-5.932061,-3.7043285,1.5831137,-0.7872946,1.1754818,-6.314226,-2.693504,-1.5162688,1.6333312,0.56959087,-1.4366528,-2.9705942,0.48287818,8.14743,-6.8786664,3.9993234,1.6632029,0.29126555,1.8703041,-0.3962302,-0.9265511,-1.4041669,1.8755797,-3.511006,-2.37899,4.301511,-1.8134589,2.0647824,5.4204326,-1.0507836,-1.479497,-7.0307894,-0.74240315,1.1112396,1.9422381,-0.7315764,3.428746,-3.4703093,-3.691061,8.560766,6.088121,-3.0035167,-1.2615817,1.7409433,2.4420037,4.4356995,2.5140665,-3.3237417,-0.32921574,-7.8359594,0.311867,-1.4837034,2.8742282,3.0915897,4.4896393,-6.5670137,4.1350694,1.5556513,-6.861596,1.8685793,3.891033,-0.64892834,-2.4265046,-1.4986457,-1.1357435,8.126356,-0.08530682,-0.8124636,-0.6349456
181,2.509411,2.6970377,-1.6615971,3.01113,1.0569562,-4.648741,-1.1923655,3.0918407,-0.54151064,3.7077086,-1.4435247,4.4442024,2.0220227,-6.226966,-0.28300008,-2.6334374,-2.8276732,4.592686,4.1563287,3.148376,-5.4881935,0.85394305,-0.6821991,4.2273045,2.883459,6.2437406,-2.4862866,-6.6929717,-3.1421835,-2.1482515,-7.73993,2.1005871,-1.4652139,4.128519,-3.230948,1.263974,2.094262,-4.9348793,-2.7544653,0.5889791,0.51364297,1.6530437,-0.0238248,-1.4665859,-1.767016,4.858373,-2.133232,4.767658,-3.6595252,-4.024494,-3.408454,4.872159,4.792125,-1.2632849,0.5389946,0.86038285,0.33377805,-6.1283803,-1.1600859,-2.284553,-2.933834,4.778115,0.4365484,4.7533593,-4.7851806,-0.4079069,2.2513013,3.4243839,1.0878242,-2.3928087,-2.6386714,-0.54647005,5.726156,-1.9693584,0.010858811,-0.33918422,-1.4559336,-2.2341707,-3.6400719,4.5541677,-2.5007598,4.7686696,-5.1383805,1.6898433,6.4865375,-2.4365845,6.4418335,1.946011,-4.401196,-5.2718754,-3.7202408,2.4835734,-0.63913256,1.0176747,3.8975818,3.6360085,-3.7800815,2.8490095,6.387564,0.7364002,-2.6893501,2.4639742,3.5101392,3.9329424,4.2474947,4.8916693,-1.2428122,-0.5112872,-6.3881645,-0.6380656,-0.078925505,0.62294567,2.398516,3.4538958,-3.3697748,1.4882064,3.0772932,-5.906141,3.096613,3.2984996,3.2502892,1.6097379,-0.28397423,-3.3511631,2.3757446,2.6892564,-3.363203,-1.2263054
182,5.8381834,5.1279826,-2.0261104,-3.51522,3.162513,-7.72021,-5.6036515,8.932794,4.2611303,7.7075706,-2.8808575,1.6770614,0.37087026,-4.5178676,-3.9882197,-8.8750105,2.312827,7.143984,3.59216,2.3208277,-7.858854,-9.014956,-8.946356,-0.5331684,5.6045403,12.70001,0.19812171,-11.507815,2.2021422,-1.3357868,-9.037665,4.6046734,-1.1796235,6.934705,-0.8455538,-1.6821514,-1.3142533,-7.1573887,-5.863499,4.945316,6.0040946,-3.4622183,-2.7221208,2.941307,2.7065492,8.114747,-7.587002,4.45762,-8.361588,-5.2541733,-6.4917397,9.594419,5.6256676,2.1908996,1.0656188,7.2677445,0.1352095,-3.9884698,-2.1025434,-4.4163218,-5.377891,-2.2072248,5.100649,0.38176835,-2.0468209,-4.5949306,-0.8272701,-2.1604428,2.294101,-3.7264433,-6.2956095,1.5265462,3.8580759,-12.4775305,2.9693096,-3.1942575,-0.3029596,-4.4296007,-2.2808712,-1.3365275,-6.3494163,-0.5648887,-4.18876,3.9742,7.2371144,-1.4470303,10.110819,9.462362,-5.906773,-1.646094,-10.51785,-4.7148404,3.0508444,-0.12063761,1.0646132,1.315342,-4.3153996,1.4864752,3.0216093,6.8485785,-3.996945,3.137872,7.160607,10.9746475,3.6250734,-0.0059541203,-4.1703153,-2.1189826,-8.900807,2.8506014,3.0489616,0.88485646,0.14316657,5.7092338,-7.0619097,10.885341,7.145588,-8.26736,3.2187514,7.5611486,-3.477266,-4.2571273,-6.4842973,-7.969746,1.593826,3.555899,-2.8558774,-1.5917827
183,2.3949707,2.3252847,-2.6529827,-0.42653325,-2.3946304,-5.9366164,-4.515065,5.221602,0.36383545,6.066542,-0.123824604,2.6350286,4.908298,-5.509552,-0.11375172,-3.7202544,-2.3922675,5.1863174,-0.65247387,4.143887,-2.0179296,-0.49025118,-1.874086,1.6845994,0.31772447,7.5863256,-3.6695158,-6.271066,0.111895904,-3.1126661,-6.6910577,0.9345826,-1.6988223,4.9570866,-5.2607236,-0.484762,-0.6335945,-6.445455,-0.57416844,-1.0372927,1.1102842,3.02895,-1.0818458,1.4640977,0.853839,6.0081444,-1.203376,2.7477138,-2.5284889,-2.8647444,-3.1075132,4.5408006,6.5733333,-1.0018357,1.1515427,3.0386271,0.73817664,-4.3408413,-1.6200823,-3.72548,-0.97398704,3.6729383,0.7855996,3.396045,-5.165824,0.902925,0.9467327,1.6983918,1.5583801,-6.4986086,0.12327398,-1.2774336,3.3739624,-5.0696955,0.8972908,3.259679,1.3320907,-3.0171163,-2.8628013,3.8964632,-2.2552264,3.0471509,-5.154457,2.2324762,4.8374157,-1.5860509,7.9280224,0.23017685,-2.7438655,-4.178134,-5.846833,2.9386125,-0.07766311,1.7864137,1.2091265,3.4586413,-3.2861376,2.5638516,5.1423025,4.375902,-3.2781034,0.97277004,0.9994643,3.330462,3.8104303,3.7985268,-1.3131161,3.3126016,-7.620838,-2.4067197,0.15536188,0.1715847,-0.129802,3.0984488,-1.2793956,3.3644197,4.2730474,-4.6213865,2.1339886,2.6389227,3.4964986,2.6260338,-2.146107,-0.6390214,0.41996396,2.6401942,-4.51017,-3.036395
184,1.9710351,3.8049057,-1.2431437,-1.231199,0.5326035,-4.381643,-2.2119207,3.542748,0.23266672,3.6996841,-1.3667564,2.6575859,-0.6644271,-3.9904356,-3.4594514,-3.175252,-0.12534747,1.1789519,-0.08943282,0.9468795,-5.279176,-2.6848967,-1.6843073,1.7860008,1.5962725,1.6188173,-0.10865523,-5.5494046,-0.55506325,-1.7586855,-3.0035868,0.9398584,-0.8696541,4.7577887,-0.32234907,0.7300085,-2.0399582,-6.5519457,-1.4287634,-1.1848204,3.253313,-0.8479648,-1.0745844,1.516294,-0.56323117,2.737786,-1.7838395,2.311251,-1.4877074,-2.5259807,-1.7998188,1.4823939,4.2792344,0.88110405,0.57086146,2.1837592,-0.2263994,-1.4061884,-3.0012946,-0.66705126,-1.4523544,2.165991,1.6922605,4.4284225,-1.7876303,-1.3198991,0.01840418,1.0124769,2.6468942,-2.8951714,0.3400588,-2.7257721,0.7977343,-7.630301,2.0004368,0.3768122,0.410944,0.89504844,-2.4063745,2.2240226,-4.076917,2.9846187,-1.7376691,3.3407693,3.2968223,-1.6908761,6.0928392,0.8299784,-2.5781972,0.17512624,-3.4790292,0.33395204,0.060120277,1.4316146,1.4742303,1.0383544,-1.3981055,5.0501466,3.7938323,1.5868506,-3.4734411,1.5910931,0.33608165,1.5079947,-1.0685918,2.97094,-0.8009449,1.3462762,-7.016187,0.4146671,-0.18926881,1.0594077,-0.24904211,3.1919904,-0.9449843,2.668663,2.982195,-3.0274563,2.635859,2.0987382,1.9819869,0.96873355,-3.064817,-1.4137528,2.536291,2.9131486,-0.63361937,-1.2790743
185,2.3944893,3.8384693,-4.192977,-4.324965,1.7992003,-8.647684,-5.295412,6.459885,5.8336525,8.054027,-2.5030563,0.9250754,-2.8153188,-4.646622,-0.29604235,-6.0699134,0.72389567,7.471645,5.5953608,3.1477315,-8.44749,-8.194266,-5.8393607,0.53499436,5.087321,10.873968,0.109364174,-5.948733,1.3138088,-1.7665486,-7.624026,2.7801168,-1.3942732,7.49979,-0.8775027,-3.2844212,0.79081535,-8.771948,-5.2421503,4.9069743,3.413019,-1.953002,-2.1073809,0.27658162,3.496837,9.092829,-5.841023,4.4647303,-7.0954804,-6.128102,-6.4238105,8.8691,4.325487,2.3455546,2.9805489,4.434436,-0.8701462,-3.0658262,-4.194716,-2.2350912,-4.8517795,1.0436076,5.7316875,4.2332044,-1.3075297,-4.171258,-1.5698358,-1.9145118,0.7528173,-2.6723402,-3.8239076,-1.371602,2.671212,-7.5927896,2.539656,-0.6346248,-3.4409578,-0.09513277,-4.2589526,-1.2953904,-1.6680745,1.1712872,-1.9952623,5.700296,7.9188914,0.23884878,8.6519165,8.628624,-2.5720165,-2.1871367,-11.012654,-6.8356524,5.0026574,-2.906857,-0.4450087,-0.08115718,0.3044744,2.5040486,2.5672228,6.148813,-5.8417444,1.3274131,5.755083,8.025625,3.9614794,3.2838886,-4.5710883,-1.4218358,-6.3707943,2.1573718,2.743066,3.3108654,1.6992209,4.4920573,-6.4831047,6.7189956,5.961527,-6.889608,1.3307221,5.1186686,-2.2076623,-3.554405,-5.9700356,-9.720508,3.176356,4.338928,-1.9871638,-1.9861431
186,4.123494,4.979313,-2.2781258,0.8807532,0.5777764,-3.4449341,-1.8915339,6.249696,2.4897013,4.162772,-2.534579,2.0914452,-1.0593905,-3.4603379,-1.3265929,-3.8894572,-1.3140146,2.754883,4.40144,4.52835,-7.1462755,-0.15033229,-1.0911108,-1.3169985,2.7151792,5.2630186,-0.6406855,-3.4529774,0.5220176,-2.1244125,-2.6133423,0.8686429,-3.0258036,1.0745188,-3.2596583,0.07717655,-0.6033767,-8.238896,-3.2193112,1.5726588,1.9526358,-0.20198414,0.12688085,-0.8290925,0.24153365,2.0974112,-3.4038923,4.542001,-2.8187735,-2.4537125,-1.986985,6.273518,4.4350767,1.771961,3.0394342,3.1853273,-0.2042873,-0.9738466,-1.0073073,0.71839243,-1.5539101,3.8925745,0.20342408,3.5493615,-2.9018683,-0.5147857,-1.4516541,-1.1234307,1.5845096,-0.7214019,-2.738518,0.72327304,2.7678728,-5.1703744,3.197116,1.1964287,1.1375415,-0.45377484,-3.3055856,2.3013287,-0.047538362,3.475193,-1.6122133,3.3549273,1.8025734,-0.8377087,7.7599883,4.678149,0.57599896,-3.743328,-4.335502,-1.4420608,1.5727556,-0.48537993,0.90889573,1.1805859,-1.3432006,5.570557,2.5671954,3.1563056,-1.9154054,0.5982434,2.3154564,3.1367261,1.3313066,3.228563,-2.488153,-0.64951015,-8.849299,-0.68486685,1.8049157,0.52609533,0.6856175,4.726388,-4.4956117,4.065944,3.26785,-6.206437,3.0865605,6.1539345,3.9738016,0.5137589,-3.5017555,-2.731685,2.7287152,2.5603065,-1.0799334,-0.4335584
187,4.2532897,6.3080006,-1.5085186,1.9073572,-0.25168085,-2.0190513,-2.0156987,6.1110682,1.1219203,5.3549604,-2.5596013,1.9720516,-2.4983854,-4.2343855,-2.0327084,0.8003429,-0.598431,1.8244417,3.0206017,6.1592484,-6.056558,-2.1582236,1.1549646,-1.6696916,4.9269133,5.8861732,1.7348891,-4.7087283,-1.1907434,-1.2950276,-1.0644864,0.557979,-4.5920086,2.6405642,-2.203339,-1.5974854,-0.7861666,-9.239868,-2.6662757,0.8186907,1.3438674,-1.2363231,0.5532889,-0.22880295,-2.4768758,2.0897236,-3.8173163,2.0644689,-4.1525416,-3.7827878,-1.245629,4.756231,5.0273757,5.1774416,1.5482272,2.522375,-1.0786327,-1.315704,1.1285282,-0.53833073,-0.9260395,3.674161,-0.2528356,3.4088268,-5.3016725,-2.9671824,-2.6229222,1.0986619,2.6184497,-0.28234243,-1.9531512,-0.5040218,2.8525376,-6.6232233,4.003358,1.729323,-1.7048885,-1.1322435,-1.7706118,4.411448,0.53897655,5.0455585,-1.2388341,4.317504,3.129191,-2.5193286,7.488718,4.8693113,-1.0280254,-2.1657052,-6.672939,-1.480425,2.8298419,-0.24253339,3.3917596,0.5347442,-1.6863154,5.2100463,4.393658,4.381821,-1.9372792,1.1717613,3.386575,3.2549872,-0.26056796,3.6721764,-0.67105746,-0.82547295,-9.118193,-0.4915471,2.2192547,1.4015509,1.9658275,4.7234106,-4.331631,3.6063635,3.2445128,-7.6537375,3.6528857,5.896205,2.5471678,-0.7508364,-3.6297808,-2.5946417,4.8927784,2.3360379,-1.3743207,-0.06597254
188,4.6976833,5.6536956,-4.0299373,-2.6270723,8.243221,-6.042031,-4.6612706,8.348967,6.1683836,4.4318595,-8.895105,0.67935413,-4.6934237,-10.691008,-7.6003065,-10.306109,4.0091977,5.792533,10.32451,9.87002,-6.361271,-6.069696,-4.9104686,3.1026845,9.594989,12.312505,0.56174475,-12.359001,2.8085492,-7.187249,-5.9078107,-1.1897408,-7.473745,12.931866,-0.93121564,5.630788,2.8379755,-8.815678,-7.117741,2.70277,3.2153788,2.136719,-1.6896776,0.4928707,1.3153225,10.169678,-9.728702,8.030708,-8.293241,-9.34181,-5.670033,10.245665,5.4931397,3.0757926,4.353374,6.2518296,4.1455383,-7.7549715,1.6609958,0.46074528,-5.277613,4.541103,1.4230974,7.2626495,-2.4041073,-5.5584755,-0.7469045,-2.1812124,3.5801978,-2.5027473,-13.377496,-0.36831337,9.290308,-7.0802445,2.6056683,-1.8152393,1.8411753,-0.037912093,-7.0983157,0.85557914,-1.9267048,4.817018,0.25365704,2.2735832,4.010025,-3.6177857,11.560524,11.810154,-2.272063,-6.1640944,-8.050512,-8.792794,2.4834783,2.6826563,-0.39152062,5.608348,-2.9346905,7.2766466,4.902508,2.4503388,-7.3045936,-3.468803,8.272558,10.414907,10.49742,5.717626,-3.6618366,-5.417305,-14.413328,5.852629,-2.9231238,1.1375976,10.394467,7.9654803,-7.102638,2.8534508,4.9821825,-9.552019,4.6724224,7.906767,-0.6440106,-3.8574884,-6.05366,-10.732118,7.0654845,9.571576,-1.0092219,-4.1904845
189,3.5360472,2.529329,-2.0297265,0.77195156,1.258384,-5.374246,-4.1059947,6.117435,1.1499163,3.250492,-2.7627313,1.704422,-0.33788326,-2.8078842,-2.8159318,-1.8424966,0.883022,3.5380874,3.9194918,2.9766004,-5.1716437,0.35492238,-0.018114869,-0.69790965,2.309982,4.918086,-0.4197609,-6.567894,-0.26536402,-5.0852203,-3.353611,-0.37093267,-4.9110827,4.454606,-2.2259903,-1.9285803,-1.6874098,-7.2828445,-3.9675763,0.46180385,2.4474711,0.025262853,-0.4785916,2.3274162,0.7000258,4.0119944,-3.0576534,2.371188,-0.71684927,-3.0547156,-2.2049124,7.6784434,4.791593,3.185167,0.7259699,2.7050354,1.4888495,-2.43697,-1.2886766,-2.7558565,-0.22050242,0.7822102,0.55376786,2.2822847,-3.7671804,-1.4077702,-3.643707,0.42916667,1.9046546,-0.81448764,-3.9467845,-2.6733778,2.8173766,-3.3437054,4.0524373,0.6711266,-0.1776582,-1.0343169,-3.0870724,2.7922277,-0.08961829,3.0200984,-0.6104668,2.237338,4.0274963,-2.1479688,6.6499662,5.44108,-2.1675234,-6.915069,-4.913568,1.9907365,1.617015,-1.0827744,-0.40265018,1.6960919,-0.51181716,4.994795,5.008796,1.8735006,-1.7353787,-2.06617,3.9744298,1.9477321,1.788553,2.894736,-0.050367616,-0.75455135,-6.8411493,-2.6924193,1.6134588,2.282932,1.9000603,5.2992606,-3.5341346,4.103621,2.4146059,-5.54992,0.4312907,6.128869,3.0680377,1.4253312,-4.3702645,-0.6557598,4.4191623,1.8078717,-1.2566465,0.88960004
190,2.3862505,4.223739,-2.1734836,1.8793298,-1.3991792,-6.527048,-3.7853117,3.2228584,0.17060316,5.27021,-0.8444047,0.9401414,2.0897462,-3.523404,-0.74976194,-2.703604,1.198631,2.5444508,3.9845777,1.7026677,-0.85841507,-0.57249826,-1.6799628,0.5666446,0.59574836,6.3493395,-4.320128,-6.0853,0.6166278,-5.680687,-5.950875,0.61312264,-3.8347504,5.766974,-3.3909752,0.63815737,-2.9990582,-7.0663133,-3.6687481,-2.7586987,2.1437626,-1.7391248,0.61984026,-0.013679424,2.934517,4.2219796,-2.193726,2.9114954,-1.0604146,-0.3148536,-3.9084892,5.0491066,3.0885558,0.6149691,1.8810538,3.728772,2.0114615,-2.1006477,0.75621253,-2.007354,-0.90263045,-0.723725,1.6545334,3.4888086,-2.456461,-1.8518375,-2.0436907,0.6176938,4.8226776,-2.1783676,-2.2508576,-1.6705668,1.3785573,-3.6655166,2.467524,4.091941,1.8819778,0.29019895,-4.28081,2.7618701,-0.9598179,3.1440618,-2.8355293,0.86042523,2.4560845,-2.959082,5.035713,3.178095,-2.5890064,-3.4508812,-4.006422,2.049645,2.6496844,3.1768348,-0.036318116,0.5801018,-0.73819673,2.579494,4.1806173,3.3837497,0.5314731,-2.567296,5.61111,0.3073001,1.8247734,4.2200274,-0.7569145,1.3458263,-6.0095825,-3.1259167,1.0122927,2.2278397,4.0650387,4.0057883,-2.191584,0.96770114,3.3638537,-7.6587133,1.0881488,4.670832,3.5211143,0.482487,-1.788231,-2.1899753,2.186436,0.81342024,-0.79638743,-0.5116105
191,5.754027,5.268515,-3.0209525,-4.8553886,5.2757854,-7.7925744,-5.845079,7.7770066,4.481442,7.021288,2.3135011,7.2181177,1.590622,-10.177097,-3.343336,-6.912098,1.7218165,10.336654,5.585299,-0.091845624,-9.361569,-6.847246,-5.256689,4.4837813,5.690642,10.611661,5.140066,-15.473044,-1.3431656,-2.3012958,-10.220988,6.8094306,1.8648034,8.027276,-0.3216561,1.2972835,0.35453257,-4.5335073,-7.3584824,6.7686706,7.871044,-5.483895,-0.05547616,4.7422204,2.000198,7.353919,-6.6530967,3.4011624,-4.733287,-6.4090295,-8.954928,13.388017,6.90124,2.0417325,0.40824088,0.5373751,-1.7422663,-5.9024024,-0.6862136,0.5860793,-4.7447314,-0.015937954,5.1496696,1.4002728,-1.6814823,-6.871211,-3.1280234,0.57176644,2.0722508,-2.2719858,-6.4936595,1.9100966,7.7005115,-10.640008,3.1859436,-4.249381,-0.4306507,1.1695281,0.7837222,-0.8497658,-4.018065,3.2561185,-2.382678,3.7230608,6.4406123,-2.577365,6.975634,6.827514,-6.643248,1.2540333,-12.866293,-7.2169113,-2.8109143,-1.3153028,2.5178425,6.9786315,-5.0178766,4.0244064,3.9614372,2.8938687,-7.062878,0.21060055,3.7483575,11.6625395,2.652928,3.3193066,-0.57586515,-2.525894,-11.65284,3.0865567,2.2847273,1.7645036,0.13949588,7.2433524,-5.3860593,6.244528,5.0168037,-6.125275,4.5122757,5.997153,-3.0385563,0.3908696,-6.0249505,-9.527679,1.145534,3.5914268,-5.4726067,-3.6033278
192,2.0295775,1.2629331,-2.4638872,-2.5162873,2.4849715,-2.7126439,-4.4471955,3.950123,2.0984378,8.922466,-2.5307136,0.95159405,-2.650549,-7.71892,-1.8232734,-2.1992693,0.7603289,6.746091,3.2511287,4.1391625,-6.3722153,-8.252468,-3.160047,4.1581564,8.498518,7.4062343,5.4270816,-6.0163536,1.2961218,-0.81221354,-4.1961474,2.6924005,-0.3693474,9.276344,-1.9799874,-2.4091947,1.9516566,-7.6178627,-2.6542454,7.144451,1.1619201,-5.1426277,-3.147923,-0.20918429,1.0745462,8.438356,-2.9730546,2.6083674,-9.604816,-9.519628,-3.239876,6.768259,1.9123547,3.461665,1.7390854,2.3922238,-3.5811486,-6.665577,-0.9287795,-2.330428,-2.1011024,1.6070707,5.7564034,4.66055,-1.2990081,-2.8681958,0.8616527,-1.2290264,1.9669404,-1.0513028,-2.6916895,2.4665132,5.236111,-9.601949,4.221547,-1.013543,-3.7031016,-2.7531128,0.0024337918,2.7422714,-3.1157384,2.7134285,-4.2611833,6.7556677,7.4646196,0.67298824,8.419577,5.4382834,-2.703891,-1.176947,-12.61773,-6.557904,5.396391,-0.34276706,2.4537063,1.028872,-3.1058955,1.2574451,3.4616146,4.1334753,-8.731339,3.0898333,5.603758,8.478706,5.1715956,2.460325,-4.6785135,-1.456627,-7.9300976,5.341659,-0.46157876,2.2762334,2.5013788,2.9413483,-3.7337294,2.0642948,8.720931,-3.689352,6.5643682,1.9152734,-1.5453864,-4.8275366,-4.5832825,-10.151448,2.3286183,6.2717834,-1.6632694,-1.1687576
193,5.289271,3.5686579,0.49536443,-1.0910724,-0.71253765,-1.9368877,-4.024815,5.6950636,1.3765401,6.698804,-2.091387,1.0159974,-1.7846454,-3.7755141,-1.9538608,-1.6258085,0.14796598,5.0004096,0.009396743,7.6324916,-4.143547,-4.7158127,-1.5437114,-0.9726894,6.9022384,5.532344,1.7525107,-3.8572817,-0.7337965,-0.41742593,-3.5613532,4.293382,-1.1848209,4.398308,-6.9465485,-5.650424,-0.07182923,-9.747723,-0.8006364,2.043202,-0.3053389,-2.8023915,-2.2499526,-1.3366017,-4.1601043,3.0270667,-4.027695,0.32161564,-7.781292,-6.6152,-0.008506011,4.497913,3.4337776,2.248174,0.4875325,0.9115396,-2.8589141,-4.504557,2.494925,-3.1319845,-1.6692209,1.9210662,1.1066327,2.534572,-4.6763806,-2.2706552,1.8405666,1.5429528,2.1032953,-0.5820803,-0.17179266,1.6143075,4.7661476,-7.087847,4.0651956,-0.23573405,-1.7222486,0.58880174,-2.5020719,2.6562421,-2.6853828,2.5893497,-4.18479,3.503365,4.459418,-3.0322297,4.724152,5.008879,-3.2131722,-0.7142119,-8.49283,-0.83918494,3.7055123,0.22904845,2.020949,2.405064,-3.6279094,1.843643,6.331295,3.587391,-3.5933733,3.2063801,0.6063898,2.6959915,2.588176,4.311549,-2.0718772,-1.6665492,-9.794039,1.6531906,-0.37438664,1.0230222,-0.7253408,1.5740491,-3.6481593,4.5490904,4.3944354,-5.917878,5.0120287,3.2685301,-0.8007048,-3.0412426,-2.3338685,-3.1804757,7.3770356,4.047896,-1.0245725,-1.7018425
194,0.5246291,2.7077143,-0.9460361,-4.012312,2.6759717,-7.0464554,-5.6700563,7.515295,4.607032,4.9934034,-1.5149486,5.6422877,-3.0959268,-6.838027,-1.8340206,-3.9205065,0.78220224,7.2380123,4.474141,4.3894305,-9.072394,-8.226486,-4.5196195,7.9426656,6.951533,8.208289,3.2475758,-7.881565,0.05067964,-0.6464333,-8.89034,5.497781,4.059933,6.1538224,-2.2505739,-2.6571474,2.9713037,-6.0844555,-2.2843862,4.9846163,1.8457816,-4.0556626,-3.1900213,0.22026736,2.399489,3.0166411,-5.1376524,2.43924,-4.97985,-7.2382574,-4.648258,4.623974,5.7062354,1.2790401,0.6958018,-0.22707844,-3.305078,-4.0581837,-4.2483263,-1.1207168,-3.614,2.3622148,5.9336586,3.4472518,-1.3410165,-3.954135,3.4134371,-1.0194241,1.3624506,-2.1949716,-1.7566358,3.232205,9.09053,-10.864303,1.8182198,-4.2436657,-1.4804661,2.2645018,-3.9353147,1.6781495,-3.1780183,2.8021798,-3.5187333,4.365925,6.7769322,-3.6120965,7.3683944,5.7647405,-4.486708,3.537311,-11.689909,-5.1015997,2.8921278,-0.043295212,3.196398,6.356448,-4.481105,6.3697896,3.068866,2.8064907,-8.165199,4.5150943,3.9627013,8.331282,4.6198606,5.154614,-0.3369415,-0.8706105,-10.4418335,3.149643,1.3288213,3.0554352,-2.322992,4.227025,-0.80512,4.8062253,8.653272,-4.7002034,4.576202,4.5808644,-2.8608665,-2.0883155,-3.963604,-8.56469,4.0567293,4.633172,-4.0688453,-1.7495109
195,3.567855,3.4918523,-3.353926,-2.3857749,-0.16024217,-3.953521,-5.8299737,4.56846,4.2816834,4.881808,0.8612566,3.6524334,1.6808836,-7.1258907,-2.0956602,0.15648945,-0.004366765,8.366664,1.0495805,6.3869987,-5.6578436,-1.7938768,0.37287343,2.8118834,3.0714493,7.882176,3.815456,-7.5026975,-2.7702734,-2.0004044,-4.657408,3.4543116,1.9514589,3.9143143,-3.583689,-1.6811601,0.43883005,-7.5366488,-4.865217,2.8292503,1.110958,-1.7955287,-1.9937371,-1.3928866,-1.2033497,6.108808,-1.4973882,-0.186377,-4.229511,-4.9202375,-3.1012728,6.7909546,6.279595,2.5543137,1.677379,-1.9542462,-1.4918034,-4.8430023,-0.4922693,0.020328976,-3.4953668,4.0332675,5.874197,2.2790694,-6.4888034,-1.3682183,0.36312073,1.6652195,2.1246836,-0.1807835,-0.29523772,1.691017,5.037214,-5.8239775,3.6396074,0.27516925,-2.068417,-0.33739138,0.7288552,1.3473481,-1.663963,4.5261054,-4.17036,-0.26559177,4.5158815,-2.9529757,5.4504337,4.40386,-2.896569,-1.8736738,-10.404832,-2.5117939,-2.697594,-0.0117799295,1.0720189,3.2381358,-3.857624,2.534713,6.417571,3.5847728,-4.0467067,2.9307337,2.2040102,4.816452,3.4416056,3.2121778,1.1560583,2.8875957,-9.2222395,1.5342894,-0.8613937,0.3376851,0.7198438,2.1913648,-1.7687527,5.5522556,2.3683257,-5.394248,3.5002732,4.749039,1.3874801,0.33995852,-2.8408697,-4.7214837,2.0818112,2.3316903,-3.6411777,-1.7330713
196,2.2215972,2.0911145,-1.6015103,0.47629863,0.7233486,-5.3713145,-3.541657,3.8406868,0.8123568,4.125757,-1.015938,0.5167161,2.596319,-4.1936584,-1.358092,-3.7670038,1.4193416,3.244724,2.2214549,1.7293403,-1.6451094,-2.14372,-2.9510107,2.6564825,0.55924636,6.373946,-2.7886424,-7.4103227,1.0886337,-3.754925,-6.458075,1.7465795,-1.4654086,5.139896,-3.2491083,0.32061958,-3.5971801,-5.8495197,-3.5722537,-0.9187343,2.5769696,-2.0202966,-0.49778423,0.35245606,3.2255957,5.563221,-1.2772628,3.2708004,-1.7307812,-0.49355948,-2.8618908,3.9423726,2.8776069,0.29500774,0.86939234,2.692963,1.4510068,-2.5676832,0.8744932,-2.9055865,-1.0183674,-0.28293324,3.35437,3.2657087,-3.018974,-0.6307483,-0.017443307,0.95330626,4.774234,-2.5109136,-2.211106,-1.8165187,0.23112416,-4.593446,2.0385149,2.61109,2.09875,0.76406187,-3.37821,2.5775995,-2.3944938,2.2759755,-2.7567759,-0.56838703,2.1477628,-2.48023,3.8260953,2.1749346,-4.550717,-3.1997569,-3.8637137,2.725273,0.9202398,3.4976535,-0.6515023,-0.59820104,-1.5131929,1.9162669,5.8337936,3.0936685,-0.36371234,-1.4315445,4.4792156,-0.33440214,1.7238699,4.078022,-0.22479951,2.2745829,-5.922233,-1.6123431,0.59890985,0.2163656,3.3448064,1.9672042,-1.0261463,2.1760056,3.1670415,-3.6494157,0.34233943,1.5275694,1.7911699,-0.27632964,-1.9471341,-3.108353,2.1528423,0.24232319,-2.0525308,-1.9950929
197,4.550144,4.494415,-3.6418808,1.1569034,5.5437326,-6.873211,-6.310949,6.7871957,1.1359972,2.0228314,-4.5497813,1.4118804,-2.2554376,-4.5073533,-3.697865,-2.5095356,5.3406763,3.4898877,4.9063997,5.0676885,-0.87834126,-2.6967516,-4.6056385,2.6594458,4.860917,8.653735,-1.5224464,-8.38016,2.9624343,-8.157239,-7.414259,0.09966594,-2.519095,9.66491,-2.49578,1.9500384,-2.5896552,-7.838037,-5.2893834,-1.0368305,0.409532,0.3895623,-3.198939,5.4372344,4.766452,4.5726867,-3.6042514,5.644085,-3.0176086,-3.8603525,-2.5793614,4.7483106,2.941035,4.5395346,2.552651,3.518975,3.6833332,-3.7689483,2.144318,-4.8107624,-2.356467,-1.3978258,6.5534606,4.4507656,-2.56763,-1.2751993,0.41017413,0.6180368,2.8037095,-0.41787848,-4.385569,-0.9310968,4.781516,-6.6755905,0.031114455,-0.43789178,4.1034536,2.769411,-6.7611446,0.29474357,-3.2998981,2.7899032,0.13849133,-2.1441188,2.945748,-4.897344,3.38742,4.5658627,-5.3587456,-2.6393209,-4.2948003,-0.4732522,3.4478548,5.052338,-1.0386199,1.5892253,-1.1085308,3.0463004,8.435814,0.41777444,1.3633933,-2.2061956,8.943459,0.06389217,7.014485,4.7778673,2.5318425,1.2239494,-4.643677,-0.31747887,-0.9395934,2.7436092,4.4691195,4.108025,2.506338,-0.8087595,4.930403,-6.6594033,1.6776785,3.945453,0.40196526,-2.5734267,-4.9883595,-4.3624387,4.992343,2.8745637,-0.00032598618,0.04287879
198,2.7289066,2.0470665,-0.012430523,0.3556295,-0.9125783,-2.1082757,-3.2695963,2.1775792,0.00654302,2.873302,-1.3708954,2.6303701,0.42312828,-5.8796854,-2.052927,-2.3500931,-0.9640862,3.463043,2.5743468,3.386074,-5.8793206,-0.23559709,0.10451431,3.1276228,2.2175398,2.7987664,1.0214072,-5.059405,-1.405493,-2.6401289,-2.8111234,3.222994,-0.07816618,3.5600824,-4.115043,0.07565167,0.64901507,-5.209212,-1.9948142,0.9432818,0.60169715,-3.2627914,-0.95136535,-3.4180455,-1.6433307,3.6604338,-1.2480531,1.4287997,-3.1046526,-3.3345737,-1.7852155,3.855482,3.4323163,0.42072517,-0.33917782,0.3272006,-1.8434337,-4.0989795,1.6802245,0.31401724,-2.2687092,2.6838422,1.2300899,3.8640234,-3.6724856,-0.307353,1.8027693,2.9571269,2.7375596,0.40866312,-1.2059655,-1.0259289,3.365785,-3.955442,3.1894886,0.77208316,-0.85754627,0.26294145,-1.7715654,2.4653084,-2.1309705,4.854003,-4.452646,1.1005468,3.527471,-2.2048433,2.5413384,3.0947611,-4.1637464,-2.1470656,-4.2986655,0.67062217,-0.9772057,1.1817411,1.6050758,1.9593542,-3.0905507,2.3033037,5.4775715,0.94193935,-2.521,1.5823373,1.3294184,1.4142743,1.9485782,4.257005,-1.0173211,-0.16076516,-7.8396115,0.4124888,-2.13903,-0.046530116,2.7425416,1.2616907,-1.8186526,2.0995617,1.2736259,-4.3039947,2.8997953,1.7199132,1.6469942,-0.51259774,-0.9696147,-2.5876942,3.4468694,1.6682144,-0.98726183,-1.1588045
199,2.242183,4.3453555,-3.4597914,-2.760659,0.063178785,-2.241144,-4.97458,1.754237,1.7287726,4.3339067,-7.8463354,5.497188,-1.0062302,-7.267201,-5.6746225,-4.0719504,1.5931165,1.1587229,1.6940356,3.2760437,-10.050119,-4.432936,-0.8736844,4.43101,3.146544,0.57731956,3.70428,-8.735948,-0.6871822,-5.2044306,0.11319488,2.0740802,-1.9196613,6.1272283,-3.6567297,-0.47227037,-0.7117294,-5.420506,-6.19946,1.0742143,6.995668,-6.251953,-0.58192736,-2.0976546,-3.3949943,3.0157852,-3.1457527,3.8399005,-4.9512615,-3.4361548,-0.13793507,-0.31834495,2.2371526,1.1180859,-0.53236,1.9271058,-1.4841896,-1.6070684,3.0047061,2.8172703,-3.770813,0.9292876,2.33865,7.8235517,-3.4339533,-2.3922372,2.2061136,3.9996054,6.307167,1.8056014,-1.1399273,-3.2217734,4.8948336,-6.2656937,5.841687,-1.9593657,0.24284446,2.4603925,-4.639993,3.5169978,-2.807258,6.82335,-2.953877,4.229478,3.2627435,-3.0118222,6.6131535,4.7326527,-6.4919686,-0.5020348,-3.833097,0.058964577,-1.3859738,1.4923002,3.790593,0.43605828,-2.2889557,9.0862465,8.335583,-1.3243656,-6.1954036,0.6146491,3.7478848,0.399037,-3.7336855,4.545796,-2.4019058,0.6152948,-14.515087,1.8669312,-2.0554283,-1.2849882,5.779482,-0.18978639,-4.294165,1.9197716,1.9671787,-2.5650551,6.639298,-0.12692371,1.9419771,-1.1357368,-2.466451,-3.5120366,5.680322,5.5723805,-1.0417631,-1.7596202
200,3.0261347,4.509287,-1.8213025,2.603963,2.386472,-2.5938985,-1.6419575,3.8802676,1.5144988,4.6517024,-2.8641515,1.6494098,-2.163274,-6.596307,-1.008163,-0.20882964,-1.6046894,1.0511185,3.3931866,1.9422385,-8.140564,-2.0389318,-0.124880195,3.9067538,1.9801282,4.255707,2.4318376,-5.618695,0.28075275,-1.3795893,-2.3490367,1.626169,-0.9336308,2.982203,-3.0446978,0.6485115,-1.1554897,-7.173026,-5.812223,2.0521097,6.3021045,-1.0348058,-1.0099441,-2.432635,-1.4704044,2.7261312,-2.1543837,3.5672345,-4.2018065,-3.8404224,-2.0204852,1.8926809,3.283294,3.7381365,0.3181173,0.9051548,-0.948797,-2.829589,1.1678233,-0.16518657,-2.9236205,2.596989,3.4328508,4.6784587,-5.633949,-0.7280144,1.2972411,2.9105606,3.14271,1.6926014,-0.8390026,-1.1170695,0.76784927,-3.2557871,2.5376806,-0.40844712,-3.4810927,0.63655025,-1.5149468,3.8639796,-2.799351,4.8721,-3.0023148,5.106814,4.7381053,-2.699908,6.334396,3.0776427,-2.7377493,-3.5466928,-3.9479222,-0.9533903,0.7820231,0.10029075,3.285749,-0.8789203,-1.3808368,6.4027333,6.593334,0.41475558,-2.7223697,3.925037,4.337989,-0.8269213,-0.6931928,4.138838,-0.86235046,1.2156506,-9.744132,1.2339936,0.27481174,1.6205995,2.8338706,3.6313727,-3.2240307,2.225852,3.2555683,-4.066354,3.2429934,1.4619712,2.7864404,-2.3058143,-2.9907684,-4.407345,3.1236808,3.9924893,-2.0511239,-2.227142
201,2.1490192,4.843746,-1.8501981,2.0422857,1.5659729,-7.597804,-1.0220394,2.9489865,0.8704158,5.6508203,-0.47339123,0.42354044,0.5480396,-4.0387383,-1.2286367,-2.317564,0.9778696,4.2634134,6.2020407,3.4036446,-2.9380758,0.56671864,-1.976046,-0.95138305,0.67068225,9.339141,-3.6244922,-5.266543,1.7236258,-2.6382656,-8.207837,3.99699,-1.9500669,7.7118845,-1.7866261,1.2668257,-0.35049766,-7.7321343,-5.385213,-2.089032,1.1309538,-0.48880202,1.8197463,0.0075762942,3.9417071,6.639483,-1.4645197,4.0963807,-1.8393577,-1.8573109,-6.061981,4.072897,2.58477,2.2019715,-0.3433026,2.6213787,0.9134959,-3.2395284,-1.7524564,-4.1699944,-1.5084332,1.9499428,0.97837365,5.4291515,-4.260716,-1.4664549,-2.53621,1.4419118,4.556369,0.56459016,-2.4658477,-3.0424092,2.7957897,-3.9280298,0.8323433,1.0311863,-0.1813514,0.7467377,-4.8441253,3.6947944,-1.6039613,3.2142189,-1.1629517,-0.020757325,4.1616135,-3.7480612,4.161578,2.8128428,-4.8802433,-5.349719,-3.805399,0.52835387,4.778671,3.1776397,0.42890185,0.48821563,-0.12695524,1.2503679,8.0062065,2.8683133,0.04821495,-2.0038059,6.70546,0.008740438,4.0265894,5.3824906,-1.5212903,1.5047972,-5.187687,-2.2179542,0.5519184,2.7384782,4.2800694,6.316661,-3.2084372,2.264795,2.2401748,-7.0787754,-0.08296438,3.7904606,0.9323105,-0.40643558,-2.66863,-3.4706738,4.633874,0.97105074,-2.6393454,0.43159604
202,3.8656127,3.913849,-2.8862884,-0.3474602,1.2736379,-2.6719022,-2.4485035,2.7515335,0.74803764,3.2565231,0.2325064,3.05653,0.49287662,-5.6682377,-0.51936704,-1.9505441,-0.7304387,2.9598103,2.2542725,2.0100985,-4.7949924,0.19660029,-1.6841984,2.9294755,-0.061559472,4.6509852,-0.8919919,-5.8112235,1.4455928,-1.9906267,-5.083043,2.0616975,-0.6174654,2.6714187,-1.2074896,2.8790884,0.2504635,-4.3817077,-3.1114078,0.65972936,3.0871243,0.7030283,0.38959476,-0.43784714,-0.5974452,3.9394937,-0.953474,2.5613408,-0.661553,-2.2604022,-5.03525,1.5940738,3.6487288,0.31420565,0.5453739,0.686122,-0.44929728,-3.5599484,-0.6960081,0.7159172,-4.2282243,3.512182,1.2549641,4.5884776,-3.5180523,0.2770483,-0.12260279,3.3888304,2.2969775,-0.6965798,0.36662358,-1.0166264,2.3612783,-2.11824,0.45570707,-1.0754842,-0.5039236,0.14843774,-2.9285722,2.8056908,-1.5189781,3.199922,-2.0956655,2.7364712,2.2346923,-0.9692897,6.055884,0.88949895,-1.8580506,-3.738195,-3.609768,0.40780535,-0.24709281,-0.0983993,3.431926,2.3328505,-1.9731829,3.966616,4.7304482,0.4516,-3.7997594,1.933487,1.9858781,1.9320612,2.7403264,4.453067,0.100384295,2.0298839,-6.8307695,-0.3875833,-1.2932769,1.963498,1.3942707,4.3640614,-1.9974343,1.9802861,1.5588588,-3.534325,2.4523768,2.2072382,2.627501,2.084694,-3.2812786,-1.8089852,1.7610843,3.0821466,-3.368335,-2.0820746
203,3.1247184,5.5020046,-1.283843,0.67973274,0.09528695,-5.733772,-2.5705714,4.0998526,0.5245999,4.408127,0.8970871,1.5599132,1.776914,-3.9502497,-1.1294335,-1.8689919,-1.6448486,5.049178,2.6434124,2.855011,-3.5404181,1.8234458,-2.019837,0.5586761,1.1839517,6.5790467,-1.8606795,-4.7400002,1.5381117,-2.4338207,-6.942164,1.7807579,-0.7576713,4.1715794,-2.6208165,0.58419985,-1.6827781,-6.174122,-2.5093982,-1.5358083,1.9954718,3.1627564,-0.4537758,1.1718752,3.6647298,4.2108574,-1.441477,3.7154815,-0.31936783,-1.5306741,-3.4932456,5.0120974,3.9235897,0.98659563,1.2336559,3.126323,1.5089059,-1.9468694,-1.1577733,-3.8952212,0.019346826,1.9655477,0.2512715,3.5305438,-4.2398963,0.25030926,-0.96212065,1.265518,2.0089316,-2.7847588,-1.5150808,-0.68283445,2.0769727,-4.353819,1.5270873,1.5471469,1.7861121,0.07410065,-2.8831081,2.279451,-1.4568814,2.4362142,-1.1634984,0.72326475,3.5917027,-2.9458902,4.4672565,0.18727972,-3.113167,-3.038879,-4.406968,1.7160779,2.1719782,1.817246,-0.17138292,2.4716296,-1.36637,2.5343418,4.4673057,2.7569265,-0.13615166,-0.8758584,3.6314998,2.1056755,2.1760638,4.182495,0.44416842,3.4748569,-4.7906322,-1.7104383,0.10055731,0.84125644,0.5756715,5.231007,-1.651366,3.383645,2.908445,-5.677533,0.24981964,4.889358,3.179683,1.5945811,-1.889716,-1.759622,1.4645712,1.9209255,-3.45341,0.009934917
204,2.0084157,2.4009054,0.67974764,-3.7588563,1.7828326,-5.2616253,-4.193957,10.303971,5.4320703,8.233304,0.41552904,0.010168355,-1.8352836,-5.037069,-5.96326,-4.769752,2.9436052,8.263385,3.2108848,5.2497654,-4.72783,-7.169604,-2.9812145,1.8862963,6.1669455,5.3049126,-1.5733806,-4.70682,-0.3652515,-0.59977806,-9.349963,4.117287,-1.1136184,4.798617,-4.2442093,-4.74368,-1.63457,-9.340827,-0.8644905,1.7392973,-0.81196576,-1.5775106,-1.8872678,1.3590496,-0.05846895,4.8592267,-8.984957,1.3511218,-5.3492193,-8.1295,-4.997769,6.6506996,4.230954,-1.8183036,1.7515002,1.6680596,0.7941256,-4.662681,-1.1484898,-2.4572513,-2.8608956,0.5946755,0.271515,0.38017285,-3.522805,-4.781155,-3.2410913,-0.6324324,3.5669746,-5.434546,-4.1808157,1.2609713,7.577913,-9.657673,4.512151,1.9053369,-2.6944587,-1.2824652,-3.0680618,-0.5128696,-3.3556147,0.9422015,-5.0203,2.504702,6.372361,-4.084906,6.093647,8.182426,-2.9844618,-3.0000095,-8.45526,-4.08256,0.0666994,-1.5258276,-1.0747781,3.6177087,-6.5069075,2.705335,3.3892763,6.427829,-5.541615,-0.8591657,4.1306753,8.016455,3.7561905,3.0131776,-6.2172465,-4.0510573,-10.072631,1.3822784,1.2094828,2.5671086,2.011698,3.5764086,-6.3146853,7.3086915,5.862117,-5.2120843,2.9269931,6.6769867,-1.4459133,-1.4452301,-0.45586914,-4.7905197,8.68705,3.2541795,-1.5976895,-0.15266939
205,1.7257801,3.4471064,1.3371035,3.0534456,-0.18798453,-5.1850395,-0.77335685,4.2974715,-0.23533015,4.832675,0.9036289,0.35829958,0.012311197,-3.6974719,-1.9546537,-0.550002,-1.6111804,4.2107854,2.2827525,3.677363,-3.3344533,0.18543191,-1.3204417,0.18600705,4.3156295,5.1276298,-1.777157,-3.5800035,-1.4528266,-0.25943908,-6.2495418,3.650354,-0.9653093,4.1070337,-3.7955725,-1.1998501,-0.8765261,-6.8493266,-1.0277531,-1.3152307,0.18927178,0.7747192,0.24873821,-1.7400725,1.2288654,2.8333097,-3.142547,2.1723456,-3.4025714,-2.6271002,-3.0924752,4.9248357,3.6508667,-0.1931715,-0.118154526,1.807029,0.17834505,-3.9270523,-0.35142002,-3.2121637,0.93297267,2.4366105,-1.4229261,2.26436,-4.7059116,-2.084391,0.5889667,1.3652576,2.8318105,-2.5288358,-2.7278302,0.5646164,3.4765491,-5.5509133,1.740613,1.9074831,-1.2973171,-1.784522,-1.9124235,3.3627577,-2.5538878,2.4495692,-3.3876307,0.104005836,4.296863,-4.148124,2.5735378,2.057982,-5.5211916,-1.3936235,-4.6358914,-0.042133123,2.4413323,2.0257897,1.5260042,2.7679234,-4.2361317,1.3386055,3.5544841,2.8021653,-0.16541202,-0.24983408,3.0956497,3.3031688,1.812548,3.5200117,-2.1673896,0.1033413,-5.5640264,-0.6194583,-0.73687977,0.41617873,1.178047,4.0292516,-3.4606354,3.0527084,3.5115921,-5.9814878,1.3074213,4.8195677,0.2408042,-1.7139153,0.7828416,-3.2595239,3.6899226,2.5507646,-2.481874,0.31273168
206,2.3221385,4.1438437,-1.299377,0.74221843,-1.6542667,-3.4150949,-2.1570022,3.0708418,0.62523615,3.8001986,-1.1439197,1.6098008,0.4566773,-4.2515364,-1.9276261,-1.3569305,-1.8107761,3.3281279,0.7800844,2.5354853,-4.5845127,-0.32741487,0.7636058,0.747053,2.245332,3.6583416,-0.36283368,-4.1987247,-1.3949878,-1.2351722,-2.074799,-0.07448462,-2.714095,2.478687,-2.750176,-2.0201218,-0.62602806,-7.2659855,-2.0990365,-0.7333657,1.9873695,1.5993595,-1.1186597,-1.6602538,-0.4639411,3.337155,-3.02611,2.2364435,-2.3286877,-2.4274151,-1.1670185,3.9019167,3.887375,1.3595545,1.3448534,2.8004324,1.0622388,-1.1782322,0.23978095,-1.5041845,-0.5908696,2.6616786,0.51368845,3.0190842,-4.1641684,-0.63051623,1.1307379,1.0312083,1.035955,-2.4363432,-1.0257884,-0.515374,0.97775495,-2.7391834,2.7682557,0.9576282,-0.5207447,-0.8892215,-0.82321805,3.569208,-1.3739724,3.832663,-2.0059664,2.9908988,3.5440395,-1.4506812,5.4802065,2.4483182,-1.092135,-3.2083957,-4.390912,1.0192213,1.4516382,0.08373591,1.4984396,0.62713,-0.47006232,3.1952903,4.1678877,2.4590511,-2.263039,0.6535654,1.510146,1.4762992,-0.4689785,3.0999227,0.055645645,1.387787,-7.195858,-0.48595414,-0.4710521,0.42319277,1.421456,2.296323,-3.4022632,3.0399585,1.5941355,-4.9013267,3.337315,3.8251512,3.4076447,1.2409551,-2.2316158,-0.9647795,1.5512635,3.2563848,-2.2403865,-1.0407007
207,3.842871,6.108239,-2.6474738,1.0907114,1.989074,-3.0841217,-2.926769,5.2740297,1.3426645,4.3099136,-2.4730468,0.88050747,-1.3267765,-5.035068,-2.684412,-2.154849,0.5209482,1.8733734,2.205759,2.555128,-6.260645,-1.5447177,-1.9988816,-0.51235425,1.3985994,4.4019036,0.8332033,-4.613652,1.4530475,-2.948254,-2.2682443,0.59263545,-2.7037287,3.0985467,-0.8825876,0.92353976,-3.19332,-7.265029,-5.77514,0.5027778,3.671357,0.24162875,1.0441321,-1.0602853,-0.21971035,2.3106678,-2.8928854,4.4220347,-2.0761175,-0.8142019,-2.756872,4.2523503,3.879087,3.6418293,1.444753,3.1735566,1.3042716,-0.15836136,0.23853315,1.0984052,-2.0304513,2.1945431,2.1295574,3.8970003,-3.4574976,-0.09455437,-1.1297545,0.70598274,2.7883143,0.56797767,-1.4094886,-1.5282336,-0.24644524,-5.027457,2.9332836,1.1637586,0.8285755,0.38123798,-2.8585994,2.8858225,-2.0525012,3.435236,-0.5709014,2.3854916,1.7775528,-2.1893308,5.9409456,3.1371734,-0.84332865,-3.1227953,-3.2370644,-0.8222791,0.55749995,0.5731839,2.1741445,-1.2517278,-0.5121865,5.554996,4.596826,1.7721981,-1.2554141,1.9176781,4.095574,0.41623253,-1.5197335,2.38147,-1.2454058,1.4848256,-7.56689,-0.64330494,1.2506554,0.59556764,2.9483323,3.588386,-4.308292,2.7718716,2.0395424,-6.155116,3.2196743,3.989384,2.9875877,-0.24670057,-3.1444745,-1.797586,1.1435817,3.1561258,-2.3769946,-0.80184186
208,2.3835745,3.6829476,-1.8289499,-1.2213453,1.8924472,-11.35798,-5.190356,3.5593204,3.4850276,9.544504,1.6259522,3.4693725,-4.445593,-8.086123,0.42939058,-5.0961876,-0.13492623,6.7148514,7.1930065,2.853837,-8.154849,-8.567788,-3.956229,4.9376388,8.576023,11.349548,2.28954,-7.982205,-0.16765085,-2.1363053,-9.374796,5.7521105,0.39664468,10.912208,-2.476302,-1.8319433,0.79417855,-9.05197,-2.798158,7.4899125,2.3302598,-5.285616,0.022859635,-2.0722506,5.1036224,8.16556,-6.535977,2.6112554,-7.8879814,-8.950662,-6.1110454,11.238984,5.2007236,2.4747696,0.9922296,2.5060856,-2.9841783,-6.3150754,-4.1355743,-1.1267807,-0.6282904,0.47703487,5.8369803,5.476193,0.02347488,-5.205007,0.5709842,-1.0076739,0.23345247,-3.6018617,-3.8778334,2.7306678,6.59841,-7.1148295,-0.04256559,-1.9470034,-5.570452,-2.5188456,-3.0271943,3.95461,-1.3135637,3.239122,-3.4775648,6.995134,10.069453,-3.3458104,8.214191,7.5888033,-4.863997,0.11676934,-12.0621805,-5.4963603,7.2446685,-2.8459108,2.0352485,1.1851058,-3.0941346,2.045456,1.4095365,4.8172197,-5.9579005,0.8876264,5.466409,8.329231,6.6956506,5.98857,-1.6089293,-4.7976704,-6.386721,3.365772,2.9985313,3.350256,0.62944436,5.358334,-5.2908616,2.8528337,7.9350953,-7.1354027,3.8673506,5.9608545,-2.8410933,-4.76029,-3.4394035,-11.043525,1.5395234,6.876394,-2.9551146,-3.4209816
209,1.7790284,3.9621997,-2.0539212,-0.8713151,-0.027405659,-5.226349,-3.8403099,6.84148,2.1733515,5.226519,0.10292162,-1.3886298,-0.82600206,-1.8887528,-3.5640447,-2.2409818,2.833989,4.3136563,2.34081,4.9970016,-3.0586176,-3.1429334,-3.8021617,-1.9136549,4.16986,5.996199,-1.8737744,-4.973745,2.1031816,-2.8598723,-4.840345,1.9724549,-3.0693898,4.773307,-2.438527,-1.6620872,-4.525208,-8.273815,-2.7844908,-0.5332833,1.0720253,-1.8545794,-0.93298286,1.4249425,2.848173,3.859233,-3.906099,1.0064387,-1.0484897,-2.0399833,-3.4584947,5.7691245,3.6001494,3.0446544,1.6820991,4.2059293,0.5718346,-0.06660403,-1.2434672,-2.1551251,-0.9403049,0.47769165,1.5739462,2.2208185,-1.9303443,-3.0443404,-4.2356305,-0.9524503,3.280601,-2.1530223,-2.2154374,-0.8610571,2.175326,-8.542937,2.8954601,2.3309321,1.0064095,0.030898808,-3.6982663,2.2313776,-0.6141312,0.78858787,-1.0573524,0.4023022,1.8750787,-2.549162,3.9226668,6.050608,-2.9729533,-2.0503905,-6.759486,-0.6481272,3.7992952,1.6986306,0.13375954,-0.7305991,-1.953974,2.2205143,3.4877253,4.830687,-1.0549875,-0.45750117,4.7700906,2.656662,0.28814557,2.4136143,-2.9425874,-1.2541194,-5.45195,-1.3397589,1.7387875,1.7810916,2.1448965,3.5110111,-2.0840418,4.087358,3.0081356,-7.018231,0.62210834,4.7649393,0.069948204,-3.0862021,-2.5232773,-2.0103972,4.5279474,0.9177942,-0.7588356,-0.58456206
210,3.4877503,4.590687,-0.7319836,2.4235253,0.9323576,-3.8314135,-0.4068421,4.0338264,0.32799494,3.8213403,-1.3152912,1.5640227,-2.1902683,-5.215423,-2.311058,-2.4640303,-0.5379681,2.982513,4.0451283,3.5476894,-5.9180865,1.3703887,-1.8250473,-0.50583297,3.069793,5.064877,0.063902095,-4.455229,0.39452744,-2.1453102,-4.161613,1.2899348,-3.4484863,4.0013,-2.4827416,1.6000323,-1.0013475,-6.0252824,-4.176581,0.4221198,1.8252275,0.7538554,0.7047963,-1.539226,-1.0410556,2.9965298,-2.779147,3.8547847,-2.567501,-3.1779637,-3.4095986,5.5139365,3.2703454,2.5302172,-0.46446764,2.0275638,-0.5067553,-3.531553,0.95969236,-0.1677228,-1.3371261,2.5533674,-0.9802288,5.199101,-2.9715767,-0.23828676,-0.9722021,0.47841284,1.918636,1.1874933,-3.3559391,-1.1070195,3.132487,-2.6992335,2.6177025,1.0340691,-0.91722494,0.5520475,-3.204186,3.0955005,-1.9629153,3.5508122,-2.2848313,2.0310476,3.0825195,-2.9659674,4.1457443,2.402262,-1.5209005,-3.7666547,-1.7685683,-0.80635196,0.9497235,-0.6269768,2.6667242,1.0559554,-0.95936406,3.8724823,4.758524,0.78382456,-1.6785294,0.16443181,3.9516966,0.84245855,1.2869716,2.9900484,-2.6302164,0.35549042,-6.4752636,0.67749405,-0.57628256,-0.015157396,3.339229,6.11376,-5.6007843,0.6811801,2.2990444,-6.47281,2.488567,3.869988,3.5594258,-0.8428551,-2.6365118,-2.3992767,2.9594738,3.7642496,-1.6884862,-0.64820445
211,3.3435698,5.3138824,-2.7182164,2.3038712,3.4714715,-8.456892,-2.39308,5.5985174,2.28721,4.873638,-1.9559036,0.036303498,0.18711694,-4.628352,-2.8286288,-4.6433315,2.5336506,2.188316,4.5959487,3.7734675,-3.54962,-2.7744675,-2.7218513,-0.1209629,2.9947314,9.081618,-2.8325033,-8.934964,1.8578442,-5.175745,-7.09266,0.6540803,-5.25408,6.782596,-1.3109379,0.34453562,-5.0466,-8.882007,-8.249858,-0.99520326,2.5689,-0.80101925,1.0928341,0.030266538,2.6456048,5.8044996,-3.205006,3.954927,-1.3208548,-0.39797515,-4.3343873,6.898026,3.7556314,4.2595377,0.48889357,4.648994,2.6891842,-0.94466966,0.56240004,-1.6236795,-1.7120101,0.2403277,2.1255987,3.5153701,-3.920348,-1.9923688,-2.5655234,-0.518774,5.442691,-0.8002833,-3.8789823,-1.4629034,3.210149,-4.113816,2.702154,1.2143128,2.8514378,-0.19844356,-5.4670944,5.058185,-1.0646437,3.00138,-0.33354235,-0.68291867,2.7250326,-4.1581087,6.99858,6.1996984,-3.0095105,-6.758057,-3.7266297,1.4200841,2.9051106,2.9049506,-0.17583355,-1.758404,-0.9910145,4.558263,6.062971,4.1162777,-0.5005691,-1.8506414,7.264544,0.14394888,2.038087,3.7056253,-0.23403315,0.15782802,-7.9718504,-2.403525,2.8247,0.08124782,6.0260954,4.398062,-3.724077,1.5494038,3.8455324,-7.544633,0.44583237,5.9208546,2.1568885,-0.73755926,-3.2289033,-2.2442493,3.7510114,1.7047915,-3.2632766,-2.4549623
212,2.9431345,3.9772322,-3.014317,-0.96388865,-0.48461655,-4.338513,-4.466461,2.6121085,0.5345525,2.3700643,-1.5944992,2.225042,2.4245853,-3.4798295,-1.9888616,-2.4254982,0.8526889,5.1651564,1.3460366,4.478019,-2.5661595,0.2656116,-1.4912498,-0.70960754,0.828996,6.9381456,-1.2160447,-6.0940547,0.22826442,-3.546847,-4.0158396,0.15408263,-1.4020793,5.118413,-2.1976922,0.068572335,-1.6623615,-6.368904,-2.7337024,-1.6857698,0.482456,1.0129306,-1.3293298,0.52463853,2.3938649,5.7852907,-0.5087702,1.9167081,-0.89193493,-0.95027053,-2.4784877,4.3785133,3.6727247,2.2382839,0.40235162,2.921284,1.4927627,-1.9962666,1.3310314,-2.9088461,-2.0040987,1.3781458,2.4237359,4.0195165,-4.1627593,0.6305869,-0.08609076,1.837511,2.806335,-1.2626381,-0.88461775,-2.0331702,2.5059114,-4.6531663,2.9609296,1.215626,2.9961092,0.23582414,-2.1935582,1.6573884,-0.8758456,3.1492074,-0.8720736,-1.5858748,2.334069,-1.8997396,3.8300242,1.1460901,-3.8133059,-3.923132,-4.9161706,1.8413415,0.87424064,2.934354,-0.9347929,1.2656231,-0.3039515,1.4566702,6.5874095,2.546518,-0.94027394,-1.1809324,3.250432,1.370679,2.7861474,3.259969,1.2230091,3.8277807,-4.480407,-1.7799739,-0.2505985,-0.3268479,2.4897482,2.2922318,-0.38137236,3.24571,0.78785366,-4.4209986,0.42351478,2.8850403,1.9305313,1.7348368,-4.000994,-0.101055145,2.0063405,1.3274063,-2.3321729,-0.6141522
213,3.2883296,3.4489737,-3.2499313,-0.6130263,-3.4840236,-8.84479,-5.7293024,6.1346498,0.14805768,8.729801,1.1054169,3.4347591,5.762196,-7.643142,0.5492708,-5.553062,-2.8984647,6.2134647,-0.24881937,4.7031903,-1.1374364,-0.58713657,-2.0731282,2.9207778,0.53891426,9.258623,-5.388016,-8.967791,1.2287115,-4.337554,-9.516641,0.44391486,-3.1311786,7.463456,-7.1894803,-0.48688048,-1.1394455,-7.272142,-0.02247607,-1.6674821,1.895437,4.7115273,-1.0398556,2.4881978,0.7607243,8.149658,-2.5020683,2.9983566,-2.6748223,-4.1341963,-3.447407,6.5680914,8.389742,-1.8003939,1.510151,4.055019,1.0838885,-5.2931843,-2.5504117,-5.2226477,-0.6293315,4.9093404,-0.08177924,4.39053,-6.620654,0.81779665,0.7177187,2.2661057,0.63993996,-8.799185,0.08655563,-0.8882196,4.8893814,-5.2465463,0.7674419,4.4924474,1.8644302,-3.786132,-4.1884513,5.7336526,-2.5643365,3.5137358,-6.3583617,3.89514,6.4474483,-3.1374984,10.915107,-0.36397177,-3.8265345,-5.252746,-6.9663963,4.535839,0.4757399,1.1827275,1.4767437,4.4684734,-3.670159,3.3726342,5.4219985,5.0457296,-4.537087,0.5932813,1.0030799,4.9772177,5.5654635,5.731056,-1.3602903,2.9114006,-8.975948,-2.6187325,-0.6860092,0.87378466,-0.3675733,4.350457,-2.2655253,2.8686996,5.3949494,-6.5507474,2.8560677,3.7640316,4.5765333,4.395561,-2.3673704,-0.62404096,0.9245494,4.4580107,-6.4197707,-4.500375
214,3.505163,5.1717353,-2.2539313,-1.0980484,1.7143813,-1.753978,-3.483673,4.919028,1.5747112,3.6776829,-2.1223555,0.40820765,0.5437262,-3.7614183,-4.9480476,-1.6944749,2.407113,3.3980253,0.36497897,3.4635787,-4.0115094,-3.010298,-3.0658934,-1.4670485,2.6916115,3.6900465,0.8522033,-3.913232,-0.5661533,-2.7824328,-3.2101922,1.606642,-2.0943816,4.012374,-0.15356144,0.08436274,-3.4637756,-8.624221,-3.9169626,-1.453968,1.8061284,-0.17871442,-1.5256724,-0.674602,-0.8948466,3.7513063,-3.5411117,2.4034882,-3.352701,-2.6317883,-2.9333215,2.5911133,3.2177641,2.5160604,1.6741523,3.524813,2.549512,-1.1854538,0.43687943,0.5885336,-3.929671,0.873166,2.6933208,3.1657104,-3.0641522,-0.75958955,-1.7025199,0.85796773,3.868912,-0.3939074,-0.8603925,-2.639502,1.0307416,-7.7704844,3.943026,0.7388997,0.63163364,0.9806894,-2.2719843,0.7178262,-3.4134517,2.5378704,-1.337039,1.1404594,1.9068427,-2.0802705,3.3930736,4.403356,-1.8956842,-2.4649386,-5.2400355,-1.4449632,-0.47235906,2.5527444,0.895654,-1.0052567,-2.2309692,2.6228616,6.1319304,3.1316698,-2.0409079,2.6209776,3.9022202,1.81371,-1.1522522,1.1763695,-2.0663273,1.3994296,-6.9896703,0.46594265,0.39056873,0.5531429,3.3323326,1.9572651,-2.0706863,4.018395,1.9678711,-5.9764376,3.2570908,3.576213,1.0902518,-1.9268873,-2.3552547,-0.6738623,3.2643235,1.0774847,0.18222009,-0.606056
215,3.3909676,6.7558374,0.6398497,1.4870425,3.5501273,-4.1650844,-1.5119827,4.5327315,1.6412108,5.219369,-0.03547512,0.46346638,-3.1205263,-5.972065,-1.9112519,-2.1838248,0.5623174,0.874276,4.8740625,1.1424347,-6.8202424,-3.1416726,-2.9262977,2.2102957,2.6462786,4.159057,1.2149004,-4.9981933,2.352921,-1.7851311,-5.2781706,3.3240502,-2.5238938,6.852872,-1.0786443,3.6488438,-0.28105962,-7.107376,-5.637815,0.30933946,4.962083,-0.72890675,1.1621644,-2.6786172,-0.86378765,4.2264233,-4.696689,2.9232168,-4.9957657,-4.352983,-4.4328213,4.3329644,2.456095,3.787665,-1.1799875,1.3054916,-0.35734802,-3.6476064,2.978927,1.178613,-1.0075464,1.1379278,1.1691701,5.0685544,-2.808002,-2.5373652,-0.48715216,2.5529714,5.4478154,0.91726613,-2.2320628,-2.4007957,2.5392447,-3.3268232,1.4935163,-0.8197797,-1.8376796,1.3002661,-3.185466,3.3749259,-2.233716,5.9266834,-1.9019427,4.9477553,4.1090875,-2.6127293,5.0765257,5.1557546,-2.5654156,-4.4403396,-4.0774813,-2.428621,2.165474,1.1475707,3.1170835,0.13405417,-0.25280467,5.1753592,6.0506096,1.9420327,-2.9909244,0.82686627,5.0094995,-0.76837915,0.8403061,4.7813773,-1.2085985,0.37151775,-10.604015,0.8034443,0.37414354,1.537177,4.075134,4.6025023,-3.4221604,-0.19274786,4.158425,-5.51512,4.580201,1.6610289,1.1080893,-2.2111855,-3.004269,-3.681127,3.337832,3.833354,-2.0299814,-3.7240725
216,4.0153604,4.653479,0.0012987256,-0.1464307,1.0828251,-0.99243814,-3.140762,4.260688,2.044243,3.4003026,-0.8471966,-0.116201326,-1.5345321,-3.9168453,-2.306523,-0.8141397,0.8010445,1.9737514,1.8080635,4.0071697,-4.6942883,-2.0660346,-0.46419433,-0.48034668,3.68027,4.047266,2.0170832,-2.7959485,0.502463,-2.2072053,-1.6647207,1.67438,-2.0841696,3.3839295,-1.7482451,0.20061064,-1.9228201,-7.8083405,-2.515931,1.2235677,2.104982,-0.1423878,-0.8696974,-2.183774,0.13076055,4.630296,-3.1855652,1.1511847,-4.4529204,-2.9751132,-1.8943188,3.531775,3.5912013,3.9037952,0.75375915,2.3454525,-0.9616744,-1.5956224,1.7925969,1.4756813,-1.5874633,2.4127817,1.4969088,3.395191,-3.2914052,-0.6813951,-1.6903571,1.8392203,3.2316978,0.24201155,-0.48740196,-2.302703,0.45894375,-5.2274036,3.1540325,0.5972156,-1.0564617,1.2430555,-1.9712762,1.5689452,-0.22711794,2.8561063,-0.7672675,3.6799924,2.1412437,-1.8847486,3.4852133,4.7371016,-1.4862554,-1.808029,-6.0626745,-0.7502233,1.9363965,0.84814876,0.9160821,-0.10659071,-0.25153095,3.5285735,3.9560652,3.3068504,-1.9621346,0.9453957,3.3031847,1.2694805,-0.12893844,2.4324741,0.41377246,0.40815455,-8.358355,0.21920225,0.50759554,1.6305739,3.0440836,2.097352,-1.9394972,3.69972,1.5445027,-5.7599263,3.3717706,3.1399117,2.4459789,-2.0233147,-2.4802375,-1.9358642,3.2075427,1.1228242,-0.44407198,-1.989279
217,2.8296878,5.7569885,-2.4327886,-0.92613983,0.53094536,-3.6325352,-3.9377205,4.0614233,1.8040329,6.254875,-1.1479256,2.8295722,-1.9482529,-4.610619,-3.8350072,-1.8300911,1.2647,3.7251992,0.469732,5.231981,-3.7277198,-4.2492223,-0.8192089,-1.0250762,2.938636,4.145544,2.2517638,-6.042984,0.93126345,-2.8988667,-1.1752343,0.52424103,-2.2713737,5.9838085,-2.0698588,-1.6550345,-2.5310757,-8.769878,-3.5982587,-0.5195474,1.926045,-2.0303001,-0.7618727,0.75399077,-2.8816068,4.6391625,-2.5367994,0.38442126,-2.4587789,-4.215733,-1.1473424,4.464897,4.770448,5.345361,-0.5564829,1.6050928,-0.15826227,-1.8409339,-0.17542003,0.83255744,-1.373278,1.507804,2.0077512,4.2562504,-3.7662516,-1.7094077,-2.3040822,0.26795173,3.0184083,-0.90994656,0.49178356,-0.2916084,2.3082023,-7.0725417,4.231161,0.592355,0.8101367,1.272358,-2.1868315,2.9971178,-1.774627,5.636324,-0.8206829,2.623863,2.9395683,-2.9153016,7.5478334,3.6464002,0.16147341,-2.6383908,-6.690468,-0.2806646,1.6777624,0.5037297,1.8764596,-0.827104,-2.1599462,5.142312,5.7074347,2.8551588,-3.2014198,1.3590986,2.066919,0.11480348,-0.33492813,2.3584878,0.5617006,0.9988798,-8.672418,1.033827,1.3953686,0.6926506,1.8415025,2.4510353,-0.75983924,1.4033498,2.0736232,-6.3296723,3.5696988,3.268526,3.334335,1.5685863,-3.4958582,-0.062362198,3.9650753,2.931264,-2.0701966,-1.5549877
218,1.5338255,2.0200624,-3.7100954,-2.5455735,1.9667264,-9.632026,-6.6865625,6.612258,4.279978,8.656132,-3.0111735,1.4555528,-3.7428374,-6.8138027,-0.069738775,-7.4755616,1.2541395,5.823735,5.592079,4.879747,-5.790183,-10.997243,-5.9059744,1.7918866,7.306567,10.36457,-0.7129909,-7.4676805,2.1840744,-3.7370949,-7.641656,1.510829,-1.5254887,9.903118,-3.5659914,-2.6022966,-0.72704995,-10.871154,-3.2550201,5.493986,3.011673,-4.102353,-1.4963006,0.39531052,4.468969,7.9085813,-5.6752005,2.946376,-6.8337584,-7.7587976,-5.4422855,10.33452,5.5742636,2.4413335,2.4061656,3.4093752,-1.8668151,-4.8812027,-4.7197747,-0.9189612,-1.0883343,0.7221882,6.7668886,5.0243845,1.4178419,-5.72836,0.39918518,-3.316786,0.8114524,-4.7032094,-3.2250428,1.4855424,4.633286,-8.564336,1.2935468,0.6302516,-1.9793967,-1.2999041,-4.8454137,2.0861967,-2.003185,1.9627185,-2.9706132,7.759652,7.411783,-1.8855206,10.227544,7.7887697,-1.3284237,-1.3802264,-11.864071,-6.002353,5.9465203,-1.70139,1.1420708,-0.55388016,-1.0998713,5.4827886,0.96176934,4.916265,-7.737966,2.168063,4.4388146,6.27973,6.3490167,3.863807,-3.2040412,-3.6937203,-7.628058,1.3174666,4.1094317,2.6890306,1.8902295,3.1083927,-3.1550715,2.9010425,9.0760145,-6.1990986,2.3779058,3.4892356,-1.8201138,-4.262136,-5.0267076,-9.97008,2.482343,7.0706925,-1.0668738,-3.8724973
219,3.936628,2.9298074,-1.1546066,-0.17860228,-0.36928043,-4.7678437,-4.876875,2.7494001,1.6580333,5.9121265,0.6033772,2.400666,1.0424217,-5.1612477,1.194824,-2.952755,-0.07850205,5.538204,2.2895215,4.443701,-3.336752,-4.191625,-2.7508383,0.9857161,7.4539275,8.2838125,0.04084838,-3.9337783,-2.6361153,-2.413984,-5.219326,3.5136094,0.0828368,7.3621516,-3.5509484,-0.4556818,-0.12332926,-6.079677,-1.3340582,3.5515423,0.16506231,-0.020288907,-0.40711862,-1.2371981,1.9381588,7.3760505,-2.6280243,1.7273396,-8.247197,-5.678046,-4.354032,8.020909,4.3407965,0.70395386,0.9595994,2.4181008,-3.206744,-6.5052514,0.2178069,-0.7389608,-1.31886,1.7984748,3.7095954,4.6849318,-0.99918145,-2.6146846,-0.43129784,1.9098544,0.9060714,-2.906538,-2.5780575,0.38806802,4.7460337,-5.359203,1.277489,0.29043698,-1.7254401,-0.61931485,-3.00756,0.51180106,-0.633545,1.6539309,-3.5965116,4.1127815,7.2331405,-2.1384711,4.4612412,4.9225574,-2.1584542,2.358338,-9.519977,-2.141891,2.4641514,1.1881347,1.9839466,4.063104,-1.9310445,-0.7060789,0.591625,5.9072094,-4.5243278,1.1561584,3.2862637,7.015919,4.2742686,2.3232832,-0.8406625,-0.11100708,-5.7361665,0.81201327,1.954293,2.2081256,1.2433555,1.8031068,-4.8669267,2.8782754,4.6711297,-7.344658,4.146996,3.4880002,-0.14719716,-4.2766223,-0.8770047,-5.942638,0.7857601,2.6474807,-0.34733874,-3.7870078
220,5.6846976,2.606827,-0.55193865,-1.394243,3.7511568,-8.728519,-5.466732,6.1623187,2.1659815,5.3342123,-1.3874084,4.321074,-2.7467434,-13.499764,-3.5407352,-5.7387857,0.77486086,3.4667356,2.9505963,3.0514128,-6.319996,-8.9139385,-3.0151143,8.161345,5.136692,9.511357,2.55518,-13.780402,-0.7712903,-3.35637,-8.215629,5.3920174,0.56483036,13.96723,-7.174826,2.855514,-1.2419317,-9.240701,-4.6633534,1.9632447,6.49489,-5.202553,1.3905168,-3.2907526,-1.0028121,8.003593,-4.1707478,2.2846189,-11.689687,-8.445036,-5.3178463,3.6658413,8.565304,3.3393772,-2.4542193,1.490448,-3.2011168,-10.340475,3.1120365,-1.0679845,-3.1489317,0.5146211,5.853974,7.7703247,-7.7447968,-2.7801106,6.578389,4.4123588,4.860998,-1.5038197,-1.5049921,-2.4554646,3.784244,-7.8394427,1.1686225,-1.5881033,-4.1474247,1.2493674,-3.5344188,5.477558,-10.20387,6.6368093,-7.9638605,4.6456895,7.7916183,-8.093086,5.914485,4.072558,-8.480062,-1.1496598,-6.792138,-1.7392173,0.5231134,3.5868635,5.289496,-0.5263814,-5.038759,6.3148065,9.704526,1.423046,-4.4352446,3.4998066,2.082888,-1.0409093,3.7415402,12.472536,-1.5751913,-0.85321647,-14.940043,4.9326324,-0.8847637,0.5130229,5.02085,4.237861,-2.451842,0.892017,8.28236,-4.6812267,3.5860095,-2.057458,-2.6179423,-3.6913013,-4.629927,-7.654193,6.2301702,7.727827,-3.7086482,-9.026722
221,5.246826,6.856721,0.7235138,9.755474,4.5011444,-11.985209,0.6104886,5.381631,-1.8833761,6.0101,0.8215545,5.684641,-2.497643,-10.024086,-1.4998462,-1.6165762,-2.7440095,7.3238807,8.754952,6.94587,-9.915957,-1.3307004,-0.92715675,3.369682,9.62706,14.584075,-1.1106035,-8.741372,-4.752061,1.6933663,-11.164079,7.371607,-0.26890305,10.644109,-6.665875,2.2401412,0.25075838,-12.200115,-4.029397,2.7767737,-1.4317634,-1.350719,2.9812005,-5.593467,2.779244,6.2905383,-4.80142,5.999999,-6.46449,-6.9760566,-7.5292053,8.805169,7.83485,4.3176665,-3.6837952,1.2934152,-2.5999084,-8.246024,2.246058,-4.367289,-1.3351545,6.1005516,0.75769925,7.56445,-9.51572,-2.8802686,3.6643007,5.2922544,3.4540024,-0.20223565,-4.929598,2.4458323,9.931362,-8.281798,0.30000317,-1.401931,-3.5861826,-2.9346354,-3.6421943,8.590974,-3.7946522,8.659327,-6.7428184,1.0920184,11.231434,-9.682812,5.9361863,3.9358559,-11.911442,-3.3437967,-7.014172,-0.10938181,7.217951,3.1557183,6.995992,2.137792,-5.2891326,2.4750178,8.365432,2.8052044,-0.14652461,2.1756666,7.255202,3.3321915,6.0427303,9.500519,-1.218319,-2.0820317,-8.159794,0.40008837,0.81887203,-0.468371,5.1035624,8.6816845,-3.544889,1.2057142,5.2197742,-9.91433,3.1348126,7.577511,0.2077327,-2.5743961,-1.8478504,-7.50276,5.251244,4.567524,-5.439667,-3.0301194
222,4.1482973,3.8216228,-2.1893303,0.20453024,3.120209,-3.7645476,-2.2116036,4.707916,1.3018786,4.620379,-2.2999651,0.4741715,-3.6593983,-4.5970488,-3.3732688,-1.9510959,0.16366076,-0.05215003,0.8367725,1.5662607,-6.189338,-3.010013,-3.2096758,1.1723008,3.288793,3.3568177,3.3024242,-5.460582,1.0270113,-0.6400835,-3.7331023,1.4682883,-1.0791785,3.8539107,-1.6518631,-0.16773671,-3.922603,-8.571177,-4.6806874,2.8295038,4.4717937,-0.70822465,-1.046126,0.23490128,-0.7125827,1.5437167,-2.4164374,2.6380837,-2.8304338,-5.354897,-1.5641056,3.9693973,2.4384234,4.5446677,0.18516093,2.1261039,0.5660033,-1.8228713,-1.3088217,-0.8149621,-2.576915,1.802091,2.6829228,3.8253434,-3.1232798,-0.1232002,-0.8610395,0.23351926,2.6626732,-1.649157,-0.82315004,-1.4642439,0.048837665,-6.1186085,3.0813427,-0.49484625,-1.8064752,-0.024769234,-2.3486583,3.6786327,-3.857055,2.3171566,-1.4842522,4.758984,4.368719,-2.4731598,5.7371073,3.7554255,-1.9100382,-3.3948588,-4.4502635,-0.53748894,2.6404903,0.033626262,1.8000047,-0.7644082,-2.1451705,6.347974,4.6594486,1.6522427,-2.7479534,4.689512,2.940671,0.53809077,-1.4691432,2.0775254,-1.2048216,-0.5084098,-6.4781203,1.2244502,0.49793085,1.0229768,0.057258435,3.4799101,-1.7025895,2.7204716,4.018023,-4.1128774,2.2352917,4.011307,2.7309446,-0.96357995,-3.2634425,-2.0346882,3.5036085,5.089219,-1.0909377,-1.9207865
223,3.761465,3.9402916,-2.0112674,-0.76707506,-1.5782853,-3.6938381,-4.221101,4.529396,1.4702524,4.6851444,-0.22452417,0.70700777,3.709779,-3.652198,-0.80718315,-1.750688,0.6962151,5.937323,0.34057385,5.7778215,-1.3461053,0.36926237,-1.5508704,-2.2751467,2.4501848,7.2387195,-1.4463484,-3.8262713,-0.6016717,-2.931562,-3.8032794,1.6875225,-2.3634925,4.357002,-3.9821837,-2.370177,-2.2509139,-7.924369,-1.778848,-1.0935506,-0.545726,1.5086734,-1.152837,0.8404201,1.0734602,5.946546,-1.2612573,0.81973606,-3.4540205,-2.6226661,-2.1855586,5.5781264,3.4543207,0.9314442,0.83342415,2.6058135,0.9645944,-3.4817197,1.4726931,-3.1911287,-1.3605863,1.5360688,1.0277612,2.1763706,-5.0859528,0.49034035,-2.4251938,1.2119048,2.6795871,-2.0248024,-1.330641,-1.2986255,2.3093643,-4.6695447,3.6996734,2.5628223,0.8626472,-0.4655043,-2.0539763,1.7657447,-0.30461046,2.7037413,-2.9607658,-0.6758685,3.406135,-1.99334,3.2418807,2.8245902,-2.0451543,-3.8559744,-6.476598,2.019605,0.44684553,2.25906,-0.82421094,2.308148,-1.637779,-0.4605008,5.945019,5.9080577,-1.0924712,-0.7131401,2.204458,2.7049086,2.5176876,2.503938,-0.043477267,3.242156,-6.348682,-1.8406177,0.18708032,0.7473544,0.97545135,1.9993827,-2.9848442,4.686522,1.5383018,-6.0891805,1.2114164,4.2672267,1.5601418,0.19488175,-2.3093061,0.11247295,3.310469,0.9190508,-1.5604627,-0.87638956
224,3.1747897,4.665725,-3.2048519,0.518446,-0.06661926,-5.541225,-2.9368992,3.532669,2.1160753,4.7947326,0.058540564,-0.6484907,0.10706535,-2.4874823,-2.4054441,-2.053673,1.9260061,3.5663292,3.9525568,3.795836,-2.8360353,-0.60222924,-1.740255,-1.2316916,1.7368863,7.5085545,-2.0467691,-6.312659,1.7453172,-3.421083,-5.8132,1.7874697,-3.4275868,5.4056563,-2.484294,-1.0885383,-4.0253797,-8.143053,-5.7089257,-1.0344713,1.8622785,-3.275994,-0.53906214,0.58034897,3.4422636,4.539684,-2.386476,2.0892038,-0.022553857,-1.129983,-4.5956316,5.9745646,1.6254082,4.3156643,1.5297171,3.8080864,0.8565728,-0.18614899,0.58903384,-2.5318081,-2.2554882,0.09489907,1.6631162,3.6179266,-2.8108165,-3.082183,-4.1687813,-0.27684963,3.4770725,-0.17315768,-2.2528808,-1.517813,2.403442,-5.273458,2.7381775,1.4105719,1.4549193,2.1194131,-3.6612508,2.927792,-1.2058972,2.4538126,-0.5667536,-1.0138621,1.6963279,-3.0946357,3.024398,5.957038,-3.1596093,-3.3705728,-4.5138984,-0.077524364,5.14023,1.8745522,-0.6508119,-0.5268094,-0.2843558,2.2768233,5.672722,3.5102534,0.72115153,-1.8933147,6.3277354,0.07442508,0.7630842,3.7569416,-1.5505494,0.16846892,-6.2889695,-1.7081624,0.27617773,1.967865,4.014532,5.0174375,-2.9895756,2.0595543,1.6941304,-7.583107,0.4367643,4.3701015,1.6907798,-1.0700804,-3.783706,-1.4298108,4.137966,0.84400105,-1.102255,-0.5470237
225,4.718876,5.101571,-7.0231695,-5.327782,7.8984017,-7.265009,-6.7544355,4.0262218,5.161049,5.2079167,-4.5236225,-1.1824745,-1.8963841,-4.9096336,-4.201745,-6.9219904,2.9982162,2.767081,4.0095315,4.5739694,-6.045714,-7.953178,-5.78917,-0.4970987,4.9515114,8.932317,4.9657354,-10.725784,3.3855379,-5.762827,-7.9776387,0.57639277,-3.0170763,12.166941,1.6555184,1.1267774,1.301033,-10.175617,-9.5835,4.5341783,4.715075,-2.517737,-0.5452779,-1.3415449,2.214395,6.053278,-5.104484,3.3918767,-8.6520405,-5.9220076,-5.106575,8.50864,3.3858366,3.2264435,3.1946626,4.3754044,0.752838,-2.8912704,-0.6214894,3.1482143,-2.5790904,1.3168669,3.8769343,6.344434,-0.5274478,-3.9208515,-1.8976468,-3.9719508,5.812501,-1.6601491,-2.049184,-1.9347488,6.044147,-9.269422,5.137234,-3.4723468,0.8794767,-2.8081582,-4.606206,1.4394683,-2.7964962,2.7750323,-0.029856538,4.6812353,3.2224457,-3.0247529,8.683335,7.361368,-4.961426,-4.95082,-12.1124525,-6.0904956,3.2764227,0.90687174,-3.083015,1.5654402,-3.574442,9.780968,4.37131,2.4855628,-7.833718,0.35431767,4.733339,7.210095,6.430039,4.810273,-1.7954692,-4.567864,-11.332821,2.9108522,-0.24366394,-0.8416435,6.247198,2.218015,-2.2596676,4.694853,5.778258,-5.6945963,3.0765884,6.624202,-0.43755925,-1.1795058,-5.3892326,-5.3497243,5.3748155,5.2603016,-1.316266,-2.1919656
226,3.1917102,4.473181,-1.7861156,-1.1714896,-1.0935098,-2.977214,-2.9689546,4.51886,2.1014056,3.8695695,-1.2456268,1.2836621,1.9267272,-4.2526975,-2.3247876,-3.2497983,-1.1263703,4.7603493,1.0651722,4.502598,-4.075983,-0.011830268,-1.0612526,-0.76087624,2.36831,4.9415774,-1.9053974,-4.0951304,-0.24393675,-2.1846125,-2.6313477,0.07173927,-3.6589184,2.5947452,-2.908251,-1.2885144,-0.6297535,-7.180412,-1.9140121,-0.56305945,0.8405841,2.858972,-1.7063273,0.6691038,0.473759,5.6762714,-3.9798267,2.7339928,-2.3718953,-2.3399577,-2.0656211,4.6489286,3.5843914,0.38155508,1.7295938,3.426975,1.2585816,-1.9040649,0.6326735,-1.5479985,-1.8601038,2.8778203,0.14137563,2.4453542,-3.7485924,-0.47177124,-0.9353904,0.5202743,1.1239958,-3.578412,-1.9129246,-1.2135682,2.3353984,-3.6692073,2.6130438,1.3978124,1.2622823,-0.342854,-2.1128607,1.4148418,-0.4560853,3.3525906,-1.8214136,1.8269655,3.334346,-0.23184888,6.1124263,3.8638277,-0.47703546,-4.1147633,-4.7133284,0.7867616,0.7984757,0.4371414,-0.37548172,2.0485687,-0.12007117,2.2300875,4.31234,4.715436,-2.556738,-0.75758463,1.8968884,2.8786297,1.1015439,2.3024466,-0.7249596,2.009754,-8.261413,-1.0975178,-0.37093753,1.0262312,1.3358682,2.8101711,-3.8894398,4.6745343,1.3158994,-5.00379,3.059629,3.86837,2.9180179,1.476844,-3.1241183,-0.25280988,2.3233984,2.407668,-1.5558904,-1.2412623
227,3.9764318,4.579,-2.689462,-1.2108881,1.1570262,-3.7449994,-2.3679335,6.966219,2.586132,4.3111444,-2.464036,0.31009886,-1.9879555,-3.2082582,-3.8335862,-2.9399319,1.3242184,3.8618212,1.9748248,4.591296,-5.819399,-1.7023822,-2.3594546,-1.7233193,3.2019982,5.5616274,-0.13388655,-4.805432,1.3880391,-1.5161406,-2.9266682,0.21761061,-3.9404564,4.3404217,-1.4156982,-2.0122728,-3.0933769,-8.743782,-4.947049,0.33139312,1.5825049,0.094099894,-1.0499035,1.4848831,0.15461749,3.9236567,-3.8985739,3.3678212,-2.0366611,-2.5639606,-2.6219287,4.915474,3.5566733,4.6937566,1.1914147,3.6809003,0.53427017,-0.49479482,-0.46179754,-2.2205114,-3.1976879,1.7294862,1.3449823,3.4771001,-3.565195,-1.3614134,-3.1361032,-0.8661127,1.9499176,-1.0275395,-2.3125503,-2.2914002,1.7119749,-6.562267,3.464758,0.6424467,0.51820374,1.9087529,-3.3227916,1.6183958,-1.6973603,2.6385052,-0.43689743,1.4236193,3.2760782,-1.1934704,5.402362,6.029345,-0.24952939,-3.7198129,-4.491673,-0.6883825,2.8396943,-0.46936467,0.05165555,-0.394869,-0.09344116,3.738381,5.7712398,3.9808013,-1.7900559,0.3246981,4.0282626,1.4443216,-0.31040937,2.3689463,-2.1449664,0.15872811,-7.860988,-0.11064079,0.80663425,1.7181381,2.5110908,4.5049906,-4.776212,3.9326935,2.1613734,-6.8610463,1.1086297,4.986945,2.7940748,-0.027016656,-5.062731,-0.96075565,4.9366856,2.440569,-0.97017485,-0.29843068
228,6.11881,8.373993,-4.5931625,-2.5185833,2.0204358,-4.0791497,-5.6103697,8.848589,4.2729306,6.135417,-1.3860177,0.12541974,-2.2290683,-4.986206,-2.649042,-1.4156251,0.8567566,3.3498688,1.4820629,3.8899415,-7.7376575,-3.9478526,-3.079111,-0.3637038,3.9886441,6.6274533,1.8658664,-7.305036,3.6236277,-0.7192912,-4.5426774,-0.08904895,-2.936076,4.253273,-2.512111,-2.1421452,-2.5492709,-11.4876,-4.616627,1.4596142,5.4131613,-0.57794195,0.11434663,1.3159723,0.20863128,2.8114002,-4.360009,2.5405881,-3.3593524,-4.4981513,-4.390169,3.751649,3.8625114,5.5812874,2.4823027,3.041423,-0.20023367,0.20223923,-2.3070047,-1.412411,-4.5310235,2.0613024,2.834164,3.494821,-6.130964,-2.7711086,-0.9018726,-0.2961319,2.7618008,-0.32342988,0.77133787,1.1138848,1.3172683,-8.962387,3.9936662,-0.99176884,-0.6529794,1.3005189,-1.9126596,4.2386346,-3.099332,4.0690618,-1.5052956,5.1029706,2.9106152,-3.381991,8.763819,5.057581,-0.39517966,-4.1560087,-7.0465164,-2.5183356,4.253298,-1.9010534,1.6912711,-1.7294135,-1.6120481,8.614903,5.4844694,3.8467474,-3.7108912,3.021329,3.0104082,2.566489,0.06365473,5.28651,-1.1236356,1.3554606,-10.972509,3.213016,-0.7970927,2.618948,-0.69857216,4.621301,-3.4033444,5.0714946,4.9306364,-6.51403,4.0015097,6.5520916,2.7854996,0.785494,-5.8202467,-2.0434017,4.1086254,6.176643,-3.2771366,-0.07634945
229,3.8568337,4.5619736,-2.5107253,-0.7602651,-2.245545,-4.4352074,-3.5958803,3.9209096,1.5711079,4.660182,-1.2185824,2.7324817,2.552983,-4.174826,-0.09805568,-2.723803,-2.4543176,4.5923586,0.9812278,4.525386,-4.3565226,1.4012132,-0.28722885,0.33677956,0.96392816,5.6948195,-1.3819835,-3.9645052,-0.35874,-2.436841,-3.8575506,0.05939279,-2.3909347,3.3732376,-4.18875,-0.3615648,-0.5922317,-7.3492556,-2.4900289,0.10916424,1.362701,2.49462,-0.9653017,-0.44883987,0.18136568,5.4192376,-1.6289717,2.7073731,-1.6067152,-2.430946,-1.8216372,6.0369124,5.3266907,1.3407282,1.5993292,2.6220264,0.8991327,-2.072766,-0.28295064,-2.7293057,-1.0996215,4.0206504,0.74429417,3.2245133,-5.2398663,1.3405294,-0.0809259,1.5326848,1.0556525,-2.684831,-0.50842017,-1.3535352,2.9037638,-2.561266,3.8683674,1.5277905,0.8741069,-0.4378996,-1.9563869,3.2983146,0.09029189,3.6179886,-2.9006548,2.8454149,3.7489052,-1.2416581,6.0533853,2.3707097,-0.6492882,-5.1826506,-5.7829328,1.812321,0.59055966,0.12757254,0.2522285,2.8728373,-0.394562,2.3559716,5.1234207,3.9824126,-2.7023425,0.9296377,0.3282021,2.0768104,2.5765343,3.8419342,-0.08079677,2.5150023,-7.5057044,-1.8078449,-0.11094566,0.6128947,0.11662345,3.365455,-2.9640565,4.1037374,2.1221511,-5.5015817,2.1525736,4.091643,4.0283318,2.4339051,-3.367271,-0.4858986,1.9689834,2.0744812,-3.1819165,-2.1601162
230,3.7203636,2.173193,-1.2786416,0.54153657,2.0665298,-5.7521787,-4.41619,3.5861208,1.4678357,2.3621585,-2.519799,3.769726,1.7103006,-2.6808057,-3.1797771,-3.8492491,-0.3193584,3.7124128,2.1071308,1.3267121,-3.7350638,0.9524996,0.2112982,1.6188045,3.01258,4.2778807,-2.5525844,-8.140751,-1.5561457,-4.428598,-5.1621127,1.1184394,-2.6738622,4.0013957,-2.6439648,-0.28637248,-0.30963758,-6.2982583,-1.3422093,-1.535185,1.5995631,0.50319076,-0.8098345,-0.47795945,-0.17075469,5.825555,-2.7873755,3.3949444,-2.875914,-2.3293147,-3.9396722,4.7383986,5.146869,-1.9558092,1.0086579,2.5891283,2.9148912,-4.5727096,-0.0851531,-0.42582557,-2.5099204,1.2841085,1.5422044,3.4550445,-3.9471462,-0.39767325,0.5468224,1.7295843,2.6899834,-1.8625335,-2.4921086,-1.5524411,3.2872572,-2.7158327,3.5245123,-1.4881878,0.77687657,-1.2814136,-3.571008,1.5980939,-1.7115518,2.5392962,-3.044965,0.65422666,3.98248,-2.5071912,5.6671824,4.315307,-5.1330523,-5.2356873,-5.0750484,1.3972653,-0.8644562,0.3977875,-1.3764545,4.066838,-3.7549808,3.1991866,2.9931755,0.5525181,-1.3463542,-2.9159465,2.3837976,4.1232023,4.449645,4.0803313,-0.44770354,0.2535996,-6.166863,-0.6699198,-2.3485782,0.58873844,1.8052673,3.8300302,-0.41636986,3.580002,1.9574631,-4.352345,1.4411381,6.561042,2.7372234,1.3009568,-1.7440069,-2.071368,3.3113315,1.4445535,-1.9762483,0.63450086
231,1.9483862,3.9370084,1.0633324,0.6693762,-0.28667435,-4.3881965,-2.149207,4.9320135,1.5438529,4.240331,1.9941337,1.4354908,1.7602633,-4.512149,1.1500711,-2.640812,-2.3977556,0.7225043,2.7014868,0.5331806,-3.290174,-1.1965715,0.5325548,3.7728465,2.1913948,4.2123833,-3.9240716,-5.2152667,-0.2737177,-0.7481332,-7.1411457,0.32132983,-3.028726,3.2073,-2.4724095,0.7727384,-0.94879377,-5.758766,-0.86783534,-1.5001894,2.0352407,1.3570302,0.42396763,1.0857835,0.4041426,4.8809185,-3.5888896,2.0303855,-2.9038928,-3.2725246,-4.065989,4.575971,3.4885836,-1.0829608,0.61378974,2.0485554,0.59694767,-2.7116776,-0.63743925,-2.20657,-0.80904406,2.1871324,-0.10134122,1.8202499,-3.2489617,-1.887526,-1.5714979,1.4194298,2.3092945,-4.682422,-1.2388078,-1.6230483,3.1819215,-1.7942216,1.8294135,1.5171958,-0.57969075,-1.4849622,-1.8694615,4.1095157,-0.1076806,4.6383133,-4.201947,3.6789248,5.596201,-2.289622,6.542604,4.0596,-1.7435377,-3.6019013,-4.9179206,1.5637392,0.784093,-0.50004435,1.187258,2.7218933,-1.4785461,2.9582865,1.6481314,5.29764,-2.1726017,-0.9307396,2.3506417,3.0924227,1.9366654,4.434272,-0.6385484,0.76314384,-8.021861,-1.8615669,0.40683043,1.9865844,0.88579834,3.610539,-2.2157626,1.9949232,4.296471,-4.584484,3.0398817,4.538396,2.7882805,2.2212315,-0.70077163,-2.0721643,1.7482965,0.5995934,-3.59427,-2.5133278
232,2.1492097,1.453926,-0.8002395,0.011567939,5.1388884,-5.990123,-4.363235,8.143742,4.2680254,2.6263752,-2.561976,-0.2186026,-3.3474407,-5.4864078,-5.9029055,-6.429549,1.6413021,3.5625637,5.3984256,3.727181,-7.3399034,-4.165092,-0.80157185,3.6527941,6.7587104,3.807048,-1.1889253,-6.886076,-0.8049054,-3.943719,-6.4055667,3.9891217,-2.2840958,6.9410944,-0.64787704,0.33932877,0.11989778,-9.058131,-2.1005065,1.134907,1.0328335,-1.6620135,-1.4463972,-1.0566843,2.0341065,6.937896,-7.955264,4.592058,-6.726864,-6.908759,-4.6910114,5.8095584,4.7151012,-2.1346629,3.827194,4.2126155,0.5399028,-5.362782,-1.8659122,1.0478119,-1.4368768,3.3452425,4.0337343,4.691358,-1.2852228,-3.7247455,-0.7609722,-0.9946787,4.0162086,-4.421332,-6.491921,-4.111957,4.41675,-7.8233414,1.9856696,0.93172765,-1.2388355,-0.508252,-5.2458024,-1.1365701,-2.4964306,4.9347696,-1.7422239,2.8130634,5.5920405,-2.677784,7.826533,8.833012,-5.2473435,-1.92757,-6.4806724,-5.217781,1.2522281,0.6190279,-2.493922,3.5655842,-3.7389076,4.9345016,1.8722425,3.7428792,-3.6925845,-1.6689713,4.430916,6.3556404,3.0609128,6.1574945,-3.1109502,-4.1337786,-8.501446,0.34850585,1.0827738,3.4111755,4.3750386,2.93563,-1.9450355,6.393926,4.1912265,-3.5263414,2.8483164,6.049577,-1.02401,-3.2281542,-2.4535093,-8.926692,7.0998917,3.4964416,0.08537536,-0.43277872
233,1.4785048,4.9029303,-0.7501464,-0.6948694,-0.3729552,-4.9216714,-0.7045993,6.684778,2.1551962,5.5410485,-0.8713793,0.21283439,-1.5920484,-4.3858004,-3.4360425,-4.5632834,-1.177299,2.0589423,2.35258,3.466588,-7.3356733,-4.193381,0.5296614,0.81578064,3.7482657,4.6935167,-1.1526746,-5.3329945,-0.18855543,1.1539226,-3.6776538,0.37298116,-4.2836633,3.7699018,-2.4458194,-3.515101,-1.6305423,-9.084556,-2.0988605,0.51913,2.6093051,-0.90475255,-0.92381734,0.5156018,0.030875077,3.0047708,-4.970572,3.9569716,-2.5070667,-4.1040363,-1.1430444,5.0578294,3.8211195,3.4145398,2.134249,4.3494253,0.4988126,0.9290121,-2.1596684,-2.8741727,-0.74683106,2.983921,0.42310113,2.4964232,-3.221012,-3.703202,-0.5883388,-1.2084912,0.96400386,-4.1181197,-1.9784327,-1.2981355,1.7716131,-5.6634274,1.8926381,0.51526886,-0.7101631,0.049652778,-1.2205873,4.901767,-2.159397,4.364229,-1.3389933,4.076506,4.9470315,-1.2075771,8.933352,6.247389,-0.029897965,-3.0925894,-4.290938,-0.49460167,4.487189,-0.6976325,1.0347626,-0.6009845,-0.4303512,4.871631,3.7523758,5.0185547,-2.3309526,0.3744195,1.9844846,2.3353498,-1.3600599,4.3201985,-3.1146524,-2.1387854,-9.613001,0.6135107,1.8306476,1.9067551,0.39699692,4.292063,-4.8726053,3.9308653,3.4987643,-4.465709,4.127258,4.9714274,2.306348,1.4813907,-3.6002383,-1.8152872,3.1309102,3.7701201,-2.461675,-2.0963106
234,4.0921807,6.1476765,-1.8406757,-0.26897216,-0.43125236,-1.7668551,-1.8372763,5.431187,2.3870213,6.412224,-0.74989235,1.1959723,-0.020741304,-4.3080397,-2.5205421,0.6675657,-0.6811977,3.2798827,1.1560849,5.6366706,-4.954904,-1.7354203,0.3754302,-1.4669974,3.7202492,6.4312363,2.0059924,-4.479984,-0.36346263,-0.5647039,-1.5514107,1.692891,-3.775444,2.7994454,-2.25328,-2.1161695,-2.3715458,-9.920601,-2.9963188,-0.0897551,2.741913,-0.7840866,-0.20591041,0.015178207,-1.7042899,4.420495,-3.6502092,0.62505984,-3.4669216,-3.7720046,-2.4872105,2.533279,4.9514976,4.8765273,0.7031529,2.7745528,-0.26849872,-1.2537284,0.38764992,-1.043412,-2.4831734,2.9004748,0.08775349,2.9463718,-6.359648,-2.0435178,-3.5258856,1.0062338,3.179517,-0.78147566,-0.43133253,-0.7158696,1.9899645,-6.9111943,4.024717,0.598025,-2.151856,0.15186009,-0.7737305,4.596413,0.30299622,4.232112,-1.4248915,3.4879327,3.1095164,-2.4828956,6.5695295,5.163979,-0.35146305,-3.6951182,-7.6060762,-0.2468251,3.1428683,-0.4091637,2.3845341,-0.25732285,-1.9317634,3.405605,5.4603577,5.831017,-2.536974,1.0978134,3.276156,2.711677,-1.3527442,3.1670113,-0.74245775,0.8387171,-10.102233,0.30921248,1.5220839,1.7697539,1.2575301,4.3551245,-4.000657,4.624305,2.1190436,-7.481305,2.5701783,5.3715205,2.6874223,-0.89711666,-3.5777905,-0.95315033,4.883255,1.5302545,-2.22554,-1.4631907
235,3.1761703,3.7180054,-1.7860185,-0.8597986,-1.4271266,-4.262338,-3.411876,3.1666286,1.5700495,2.8569703,-0.46406013,-0.4701918,1.844405,-2.3217435,-2.2067363,-2.6067388,0.60708326,4.5268707,1.8868407,3.3666904,-2.1666806,0.60684466,-2.42139,-0.70507145,0.89325327,6.0757875,-2.0733593,-5.4258847,0.49821565,-3.6050363,-5.6845975,1.3377872,-1.8841838,4.722753,-3.2576091,0.0066977665,-3.1172297,-6.027342,-3.2281206,-1.8626842,2.0331488,-0.3135828,-1.2680867,-0.41229665,3.0037107,5.508348,-1.8920176,2.5821784,-0.8827762,-0.8226995,-3.943794,4.616055,2.998651,1.250251,1.2916324,3.340073,1.3376051,-1.6811122,0.06541354,-3.3122706,-1.4838308,0.0704212,1.7471137,3.297184,-3.4143784,-0.2256808,-0.5296638,1.1361619,2.796119,-0.86264694,-0.9679199,-2.4437988,1.5528758,-4.8425307,2.6401618,1.9791344,1.6234671,1.4035503,-2.935007,1.1576465,-2.8054864,1.8049731,-1.7419466,-0.46311736,1.3385351,-2.1665819,2.272215,3.1619008,-4.2346606,-2.6720204,-3.359367,1.3889169,2.8934393,2.274967,-1.6027803,-0.4773077,-0.31191766,1.3826275,5.5450907,3.0625594,-0.07030645,-1.0572814,3.7472377,0.19796789,1.6223503,3.712233,-1.1464341,1.8206047,-5.148432,-0.8397839,-0.8393373,1.2131331,2.971072,3.733765,-2.240515,3.9137006,1.9399862,-5.5021577,0.35856533,2.8518307,1.8578631,-0.7566639,-2.1688983,-1.4379787,2.5813754,0.35290033,-1.4479201,-0.9532852
236,3.1255348,3.9630678,-2.8184307,-0.43874446,-0.8366159,-3.3440678,-3.105455,3.358589,1.9587516,3.3622863,0.37885085,0.94252723,2.5415864,-2.79724,-1.8864359,-1.4581946,0.6537632,4.8906817,1.4370645,5.049022,-1.9159262,0.31877136,-0.56459296,-1.7161623,1.7718414,7.368638,-0.60584736,-5.447172,-0.6493894,-1.9472535,-4.0267205,0.9463145,-2.578572,3.7146597,-1.7998224,-1.4524238,-1.8528566,-7.09323,-3.509222,-0.81205636,-0.010003541,0.68353504,-1.3058283,0.7910523,1.560159,5.0848017,-1.3271587,0.69564116,-2.11914,-2.146588,-2.5663078,5.429344,2.8856018,2.7174125,0.8296691,2.7357092,1.3099312,-1.8920275,1.05892,-2.478466,-1.9102759,1.6945255,1.0932993,2.2350895,-4.3729157,-0.35229608,-2.8181353,0.33588555,2.2146678,-1.9070593,-1.9232228,-1.0575473,2.7473044,-3.803525,3.0213873,0.85169244,1.3096131,-0.6562972,-1.6560274,2.4647539,-0.01089008,3.0087216,-1.4949175,-1.8075954,2.8703241,-1.991801,3.4685948,3.8258524,-1.8208234,-4.298282,-5.5586033,1.6241887,0.56208235,1.7080202,-0.7367319,1.4592481,-1.6303115,0.12146075,5.691664,4.814569,0.2227265,-0.92333317,3.5157888,2.433963,1.5849111,2.5124853,0.5621774,2.1747632,-5.579207,-0.9971653,1.0423093,-0.14232218,2.0246131,2.304658,-1.8767929,3.9900477,0.838946,-6.2409654,0.8701339,4.645527,2.4666238,1.331038,-3.3251667,0.18870616,2.5611806,0.15769508,-1.7982767,-0.3315218
237,1.178021,3.3102105,-1.1022933,-0.8032798,1.1841902,-4.7811527,-1.6555365,5.323379,2.2109349,3.246613,0.9104242,-0.19630137,-0.7516157,-4.1404247,-2.5140662,-3.914339,0.12597449,2.271698,2.9994903,1.9017159,-5.313875,-2.1310194,-0.88085794,1.7374313,1.331943,3.2734952,-2.4668405,-5.261789,0.78461814,0.15116486,-4.9111247,0.4958027,-4.114236,3.8818543,-0.667353,-0.13049375,-1.2635231,-7.2004704,-3.829167,-1.0650389,2.2077956,0.36487064,0.48380697,0.4387492,1.7170265,3.700114,-3.7152777,2.9014103,-0.5216719,-2.535644,-4.7476215,3.9195065,1.983263,1.7858942,0.7823989,2.6260605,0.49962798,-0.6780223,-0.5559574,-0.63598055,-1.819415,1.415928,0.51096773,3.3463595,-2.2270546,-3.3445127,-2.9188547,-0.5086887,3.183322,-4.0678983,-2.1877563,-2.7463603,1.8334154,-3.3261395,2.2608783,1.4796073,-0.4015801,0.47418413,-2.531566,3.4786878,-0.41549203,3.9540594,-1.2846515,2.326663,4.3449,-0.6841785,6.4578657,4.731461,-0.666919,-5.222936,-3.9213188,-0.54382235,2.2124393,-0.37659085,-0.13832161,-0.3335128,0.81630963,4.1096745,3.0806077,4.5214276,-3.2309928,-1.5154916,3.1314113,1.7598352,-0.33331975,3.8644028,-2.5791273,0.7427694,-7.1547713,-1.6574167,1.4915491,1.4920704,2.9901166,4.4372554,-3.3283627,2.0567844,1.9723186,-2.7800138,1.2899407,3.4499354,2.0597389,1.7060597,-3.3544896,-1.5538058,3.520313,1.9984456,-2.1183586,-2.6403537
238,5.370802,8.791863,-4.4821815,-0.8816726,0.16230425,-3.7304254,-3.5395007,5.893486,3.5549064,5.533444,-2.7062874,1.5903294,-1.3792813,-5.5440006,-1.4195434,-0.4906839,-1.3278046,3.778739,3.0421786,6.7712345,-8.038756,-0.23447208,-1.2433457,-1.2806596,2.5640104,8.89306,2.2982416,-5.8160605,1.5533484,-1.1952502,-2.4610062,-0.8144471,-4.4396105,3.9246202,-1.651002,-0.29109767,-1.3900803,-10.509469,-6.993058,1.5065899,4.2232265,1.1647911,-0.39889088,0.058633596,0.12706272,5.1409354,-2.7788627,3.9978483,-2.4376323,-3.8997595,-3.8814497,5.2223577,4.588552,6.766247,1.5092489,3.413114,-0.102671914,0.18959758,-0.3517822,-1.5605291,-4.2164364,4.2802377,2.128131,5.1266375,-6.9000044,-0.51044804,-2.9298635,0.28633404,2.683732,0.52490515,-0.81044966,-1.3272614,2.2273915,-5.345304,5.51981,0.27358848,-0.9952397,1.0752724,-2.618339,4.8561053,0.5187631,5.162798,-0.74642324,4.3133917,3.804884,-1.8653699,9.6135435,4.8045516,0.5946317,-5.8557816,-7.587682,-1.1608992,4.3761673,-2.040476,1.5164734,-0.70494497,1.1043781,5.952661,6.8326216,5.080906,-3.1918092,2.4248478,4.441082,1.8457596,0.3876327,4.3808403,0.22096345,2.9630358,-10.289796,0.46528742,1.0960122,2.280009,1.6750103,6.9809475,-5.595814,5.538292,1.9497079,-8.375454,2.7888794,6.9994025,4.9111285,0.6771911,-6.7854166,-2.330083,4.0761447,4.087754,-3.5574098,-1.600348
239,4.405255,7.8367224,-2.3954027,-1.0683112,-0.29180947,-2.9164312,-3.0833402,4.238832,3.5496569,6.7673783,0.6005084,1.1605768,1.0831906,-4.361528,-1.1725076,0.58167267,-2.1314936,4.9786143,1.1303667,6.486114,-7.0446105,-0.44261357,-0.09431361,-1.9794418,5.431943,9.661196,3.0512261,-5.5038753,-0.79958093,0.39898488,-2.4629068,2.2734895,-2.3309207,3.672755,-3.5930603,-2.0503442,-2.0263476,-10.62402,-4.588324,1.3311495,3.156497,-0.04377543,-0.6425676,-0.79261506,-0.8777575,6.1244645,-2.3618052,0.99510425,-4.3157125,-4.604661,-3.2441938,6.107722,4.469742,5.96056,0.05862339,1.5952022,-0.8831128,-1.1439967,1.1656867,-1.8073885,-3.1301477,4.0185294,1.844432,4.049201,-7.6191773,-0.629504,-2.9399986,1.3878217,2.7032602,1.0251848,0.45600265,-0.21063666,2.6927657,-6.911668,4.9482064,-0.37491113,-1.5649095,0.2762127,0.12335417,4.740541,0.4790735,5.3325634,-2.1380122,2.228052,4.793358,-2.886264,5.5298195,4.746616,-2.1674259,-4.0530076,-9.377173,0.5052038,3.4668293,0.14328629,1.6466329,0.40980923,-0.5149144,3.3291197,6.659279,6.415687,-2.934949,1.5702783,2.4556024,2.6795893,0.17130741,3.9867053,0.15047425,2.4983842,-11.159722,1.2016889,0.008189246,1.0009263,1.037798,4.272778,-4.01391,6.173051,1.2303314,-7.8831744,4.161048,5.6437836,1.9116801,-1.2154319,-3.499032,-0.9235966,3.4662216,2.559225,-4.023372,-2.4129558
240,4.2700047,6.5208907,-5.4965715,0.3672011,-0.94274265,-7.2283683,-2.3333352,4.4569263,0.98853666,5.3512516,0.53839254,4.351812,4.671487,-8.316083,-0.085292585,-4.2355394,-2.021662,6.1913567,2.4749367,7.400614,-3.2546363,-0.114094496,1.7620547,0.77686846,2.2770863,12.257957,-2.9251413,-10.601001,-1.5381907,-1.6815021,-6.960253,-1.5890038,-5.1316566,7.449109,-3.6389987,-0.25526,1.9911392,-9.96202,-4.675101,-1.2408196,-0.2054323,2.9962566,0.8238476,0.89086473,-0.6412205,6.787987,-3.5052338,1.5890437,-3.7091665,-5.4785275,-4.1994777,6.985453,6.5171943,2.3785162,-0.2286856,3.2448812,0.546552,-5.35837,0.81668913,-3.8157775,-3.6784153,5.3710847,-0.13623351,4.5110273,-7.151835,-1.478502,-0.42990685,0.6718417,-0.7502612,-5.513796,-1.7058781,0.014073161,7.8008466,-2.0317833,2.125858,1.1126776,0.5621182,-4.4878016,-1.7485788,6.640342,-0.58164036,8.977708,-5.2902927,1.2301394,6.822015,-4.706534,10.731378,3.231366,-0.6297673,-8.136098,-7.4724827,3.3356297,1.5436395,0.07401653,3.0600019,2.2282035,-1.9827273,3.477093,8.270871,5.773741,-3.4782596,0.80467653,2.3887777,4.0558443,4.527137,6.72711,1.4357853,0.9505773,-10.815292,-2.3006968,0.8643126,0.54690087,3.1574569,4.580261,-3.220332,2.2349122,2.6480007,-8.546415,2.3697448,5.813241,4.592616,7.2276134,-4.6903286,1.1527818,2.8357508,3.0749068,-5.2004747,-3.4275696
241,3.2427273,5.105558,-3.3298001,0.9175753,3.6410882,-3.1564925,-2.2209613,4.298186,3.0685802,2.1194491,-3.1289847,0.8643917,-2.338081,-2.559769,-3.4089997,-1.9811465,1.9967397,1.3321191,3.208866,4.4657135,-4.8534102,-2.11937,-1.1788282,0.079487555,2.5753822,4.8657312,0.3754471,-5.6895437,1.3747779,-4.4740505,-3.6021857,1.3123406,-3.5290675,4.5350776,1.5095798,1.9420142,-0.90414804,-6.5986524,-6.082156,-0.039505437,4.085754,0.436274,0.55264056,-1.6020215,-0.5049867,3.819624,-4.5013633,3.426625,-3.7831354,-2.2419558,-3.6875541,1.8253497,3.2081866,2.9959805,1.7442888,3.815061,1.4493351,-1.1007259,-0.3629114,1.6273582,-1.9794959,1.6126022,1.8250221,4.155069,-2.4996545,-1.4110705,-1.0996411,0.40626037,3.5493038,0.96363074,-2.8315015,-2.482167,2.7079213,-3.4557626,1.4912757,-1.752659,0.10716041,0.060037598,-5.1073995,1.7219727,-0.85631853,2.9745662,0.95568067,2.079667,0.9636672,-2.3656151,6.4033465,5.4371877,-1.7336133,-3.0046742,-3.3932848,-2.0829268,1.9544399,0.40978774,1.5786345,-0.9775696,-1.4074109,4.5752087,4.4222126,1.3152077,-1.7464849,0.36995032,5.329418,1.5287329,0.035944723,4.332431,0.016021214,-0.49845952,-7.411786,0.057578623,2.0835361,1.6030391,4.536637,4.0351186,-3.0051455,3.167242,2.358113,-5.57506,2.3808308,3.6979623,0.39577132,-2.2385073,-3.1871705,-3.2645698,4.136646,1.8852217,-2.1355727,-1.5767555
242,2.9545443,3.8533776,-2.7726264,-0.17924464,-1.6462445,-3.808811,-2.2055357,3.4620876,1.0330659,3.4320412,0.6252205,1.328209,2.6281674,-3.2694407,-0.7504525,-1.2550749,-1.5027612,4.9882627,1.0663693,3.7314136,-3.4502552,1.714993,-0.6704056,-0.8679546,0.706911,7.1793623,-0.5226544,-4.7113333,-0.24822061,-1.057362,-4.3673344,1.3389373,-1.2656538,3.1999772,-3.171251,-0.75766444,-1.5151192,-7.120676,-2.6350715,-0.8018779,1.4682686,1.5315495,-1.0121515,-0.0014592297,2.239553,4.4935727,-0.601612,1.399519,-1.2443521,-2.0748613,-3.1956542,3.980363,4.05418,2.6773245,0.24524969,2.8477771,0.44189277,-1.6531842,-0.14709024,-3.4752405,-1.6284701,2.7812133,0.5567838,3.3332381,-5.050826,0.6364522,-1.2512947,1.5015764,1.4891709,-2.0958173,-0.07462321,-1.0474087,2.8063622,-4.099148,2.2967966,0.82595104,0.02174355,-0.9755041,-1.0281644,3.6688848,-0.42559987,3.5402117,-2.0982995,0.25655177,3.1287184,-2.0711899,4.459238,1.8292029,-2.670757,-4.657926,-5.1327543,2.2899842,2.2301729,1.1211063,0.53751004,0.9858281,-0.791124,1.2901764,5.76361,4.0631614,-1.1681598,0.36430535,2.761787,1.7628419,0.70631915,3.2666688,0.015090004,2.5574682,-5.4281645,-1.5385095,1.102564,-0.16464463,0.53424245,3.242594,-1.6833061,3.952175,1.1958408,-5.363346,0.16744506,4.009844,3.2925868,1.6567489,-3.3440008,0.3001812,1.8859111,1.3456806,-3.025188,-1.6099557
243,4.6134577,6.8771725,-3.4210167,2.6790276,-1.422518,-6.7542434,-3.0922616,4.8275633,1.8420136,8.552617,0.64910346,1.1873045,-0.47435057,-4.8458385,-0.13496637,1.1748346,-1.9239945,5.7794585,2.0983336,4.424507,-7.2558546,0.7376046,-0.48019645,-0.83688366,1.8441027,9.949838,1.2707275,-6.7848296,1.2320287,-1.1707289,-3.471743,3.036406,-1.0314361,3.9093177,-5.4631786,-1.7998419,-2.958671,-9.945683,-6.1310096,2.086531,3.936436,-1.0697291,1.0357987,-0.16382377,3.3860643,4.7243624,-0.23758784,3.3147619,-0.30756444,-2.1937766,-4.341216,7.3957663,5.885751,7.4226294,-0.22069415,1.7221657,-1.1093544,-0.75376874,0.34501582,-3.305081,1.1699435,2.522887,2.8702903,6.0246367,-8.336175,-0.6628879,-1.932178,2.4691656,4.0771666,-0.75864345,-0.30735862,-0.11986608,1.3951505,-6.2674956,2.9391863,2.5612063,-1.7729903,-1.2084721,-0.74665135,7.5407224,0.012484702,4.604356,-0.95685107,3.7689998,3.81033,-3.3909855,7.6483507,1.4295877,-3.2612638,-5.592237,-7.1233144,0.92457724,5.1619306,1.5493997,2.0756226,-1.7873688,0.27762443,5.640296,7.28746,4.78303,-2.3989997,-0.06863457,4.568997,-0.29383063,-0.2696579,5.5606213,-0.4156556,3.3572006,-7.0597343,-2.530747,2.8507087,1.61762,2.1477673,5.832599,-4.3667846,4.142412,3.3329003,-6.592372,1.08354,5.218296,4.941507,-0.39334664,-4.025901,-2.6205957,2.6140885,3.6235194,-5.9830084,-1.9019982
244,2.8281274,3.9194877,-1.1294191,0.7508137,1.2714097,-2.987158,-1.1603665,4.1622324,1.5961857,4.0167556,-1.6005086,0.64795893,-2.707571,-3.4483948,-2.826787,-1.6319332,0.80108356,1.1394988,1.963156,1.9876691,-4.970465,-2.1090567,-1.0760663,0.40605137,1.8088702,2.8615193,0.33321854,-3.7469704,0.49559554,-2.079577,-2.0202353,0.45829022,-3.006283,4.2825313,-1.3739456,0.31539917,-2.1283088,-7.143145,-3.882038,-0.39098227,2.887615,-1.1276617,-1.306638,-1.5252745,-0.41428718,3.547654,-3.2941892,3.2417786,-2.7904503,-2.0974603,-2.4489036,2.551968,4.098339,3.8525538,0.7875947,2.6189005,-0.07547066,-1.0124115,0.3596333,0.97529376,-1.6055019,1.4748123,1.2623113,4.2901826,-3.269928,-1.4784033,-0.6779236,1.0075127,3.2302172,0.05559304,-0.9804621,-2.2597706,1.1694969,-5.08401,2.4834132,0.8102737,-0.6951115,1.2239708,-2.5936563,2.4372385,-1.7487658,3.391911,-1.1067849,3.5634081,1.4477594,-1.1903276,5.377964,4.2851853,-1.0456328,-2.4121022,-3.5852532,-1.3286608,2.2117858,0.41602305,1.5997174,-1.296633,-0.018680237,4.8985906,4.7512608,1.796403,-2.5479612,0.2583991,3.2794075,-0.34567717,0.21724361,2.3224728,-1.4848531,-0.14905666,-7.9853773,0.40342587,0.3747767,1.5519803,3.664647,3.9382057,-3.0435638,1.2703388,2.611746,-5.607203,2.6919107,2.8198645,3.493023,-0.7578098,-3.3251224,-1.8640909,3.5791547,2.0646758,-0.3080232,-2.3230128
245,5.3108063,6.138677,-2.6215088,-1.186989,1.3374153,-1.7543952,-3.5103824,5.950954,2.4090457,4.7503395,-2.0159857,-0.2562386,-3.9077065,-4.6090856,-3.069585,-0.86980486,0.02522601,2.6550174,2.4416134,5.134416,-7.527545,-1.9598168,-1.903688,0.2896803,2.9995983,4.3712835,1.8413658,-3.8395085,2.3762596,-1.1191008,-2.5493612,0.6525117,-2.9274619,3.554966,-1.1205728,-0.08149694,-1.5331682,-8.726868,-3.5004337,1.9893296,3.8516564,0.8064987,-1.1830968,-1.3945615,0.27353284,4.2429976,-4.448827,3.1828067,-2.624167,-3.4527442,-2.5851648,2.617628,3.7181756,5.1769357,2.2172797,3.4141319,-1.2806548,0.24284865,0.08729509,-0.85256124,-3.5632012,2.5852373,1.224071,3.9985042,-5.3353086,-1.2024466,-0.71924305,1.02318,2.8133924,0.0020017847,-1.0161887,-1.7251463,1.3349317,-6.1403008,3.506974,0.08947437,-1.1791254,1.5895859,-2.0995836,1.8459541,-0.50294125,3.2162828,0.45736223,5.321557,1.9373193,-0.4242088,6.9305334,4.50471,-0.1235724,-3.6791515,-6.2613873,-2.8893087,4.5921597,-1.747756,0.80818206,-1.2416022,0.14220771,5.0548515,5.463592,3.3814058,-3.9242878,1.872798,3.478399,1.7917305,0.58955765,4.168488,-0.8510386,0.7483973,-8.155294,1.2650269,-0.16143559,3.2330875,2.2896607,4.439029,-3.9951162,4.447924,2.7405777,-5.497427,2.8392348,4.301741,2.1953626,-1.0868412,-5.172795,-3.1063883,4.8179293,4.677509,-1.9155508,-1.2171668
246,3.2697268,4.409978,-0.36914513,1.2261282,3.0248575,-8.046801,-4.738795,8.066881,1.3535658,5.684918,0.38386437,-1.4604012,0.18372262,-4.004624,-2.6186297,-2.1414855,2.8037055,2.618806,1.5252408,3.1683958,-2.314145,-4.5544786,-2.1081774,1.7015655,4.988222,6.886278,-0.77561206,-8.067069,3.060724,-2.6907647,-6.6022344,1.1520413,-3.4948149,6.788844,-3.780137,-4.4937363,-4.962307,-9.751578,-4.79632,0.5404283,0.8717329,-2.7688508,-0.27072707,2.9429789,4.0428467,2.6513526,-4.1943026,0.7893737,-0.48637742,-3.3382866,-2.8285508,6.751508,2.4645207,4.1856213,0.08916642,3.1555455,1.021176,-0.11972378,0.99096984,-4.828406,1.747716,-1.5790083,2.8025894,-0.10296421,-4.547724,-4.268796,-0.9802361,-1.673024,4.6165395,-4.8484883,-2.280383,0.66235685,1.8807276,-7.2610106,2.9042966,2.1139708,1.7847219,-0.914609,-2.4099185,5.7412686,-2.1568336,2.809793,-1.6805478,1.0543591,4.7293615,-5.880745,5.5016637,5.0283446,-3.6452205,-5.003411,-6.4586573,1.8132471,5.343624,2.0825982,-1.4873536,-0.5435466,-3.0871246,5.036874,4.209135,5.0530334,0.026506558,-1.3337326,4.8022385,0.41370997,1.7473193,3.7077014,0.6029122,-0.84885865,-7.0854845,-1.6445812,1.6487411,2.3823154,1.4470067,2.6235006,0.27998057,1.5680249,5.6960516,-4.812406,0.9745242,6.381725,1.5597907,-0.12999041,-2.6393893,-1.3052071,4.6206436,2.6883874,-3.181604,-0.97155976
247,3.7614148,5.588336,-1.8914149,-1.404324,-0.543203,-1.9893124,-3.9226952,4.4284153,2.804438,4.572344,-0.7045316,0.1511383,2.6106114,-3.41634,-2.540062,0.38356945,0.78480595,5.687283,0.4410411,6.955555,-3.102649,-1.3669664,-0.8404693,-2.6734543,4.102954,9.130954,1.7453675,-4.3739986,-0.9235351,-1.0272359,-2.5761347,1.7933164,-1.7155427,3.937155,-3.1191556,-3.3090441,-2.7548032,-9.517171,-3.3503644,-0.435435,0.2944964,-0.70058095,-1.6442604,-0.14210644,0.6889295,5.893564,-2.3767629,-0.23609617,-3.4250977,-3.2583146,-2.1033144,4.1928296,3.3767698,4.605715,0.39996216,2.0822153,0.62909067,-1.2075881,2.07663,-3.3990119,-3.0401397,1.9088113,2.23881,2.0079403,-6.727411,-0.1403333,-1.458453,0.84301955,2.9146314,0.17086059,-0.52429307,-0.7860476,2.34008,-6.9571548,4.5005856,0.6040126,0.6752922,0.96379244,-0.5854434,2.5632188,-0.5873537,3.246851,-1.8212032,-1.45271,2.8377557,-3.246228,2.1424668,4.7358646,-2.5892982,-3.1900334,-7.786353,0.9785867,2.0558908,2.0335917,-0.58199555,0.19976264,-1.5927267,0.38386923,7.7473545,5.897742,-0.53772455,0.7649081,3.1867473,1.7056144,0.8888255,2.7040691,1.2033112,2.4785955,-8.126809,0.64570236,-0.30032977,0.5317519,1.798627,1.4534682,-2.107338,5.7517853,0.7962016,-7.0910916,2.1719034,4.282883,1.0816103,-1.2112415,-3.2830286,-0.06485045,4.343401,0.50990504,-2.020983,-0.62103117
248,2.9601793,5.464905,-0.7384374,1.5984389,1.6403679,-2.5805376,0.8168605,3.617536,0.810233,2.712906,-0.610802,0.8852889,-1.5051739,-5.198313,-2.2727726,-2.121955,0.055774152,0.82039636,3.5221932,4.1276608,-5.7392235,-2.118579,0.35935318,-1.1186945,3.546988,4.7958,-0.30336076,-4.7365265,-1.2027756,0.71723866,-3.5731702,0.35952538,-3.2630358,2.6045449,-0.33538294,0.6887752,-2.155796,-7.3736796,-4.898561,0.8946342,1.8990707,-0.44659802,0.30068037,-1.9413574,-1.970469,2.7749236,-2.50293,2.4477894,-2.1652882,-3.2100346,-2.654678,5.1462545,2.35325,3.3678315,0.60421455,2.1130383,-0.05687187,-0.6970905,0.30420893,0.6156688,-3.2880168,4.307271,-0.091141135,2.7954016,-2.5506408,-2.4980798,-1.7066215,1.0507851,1.7878728,0.23984307,-1.8295071,-1.4451303,2.4735496,-3.1552978,1.9243214,0.13010837,-0.9445371,0.25137004,-1.0230442,3.9502356,-1.6813401,3.631858,-1.0379956,2.0773568,3.2875798,-2.3790374,5.453552,4.7180524,-0.5428735,-2.874757,-3.0099428,-1.20679,1.5703639,0.06891803,3.1693997,-0.38149932,-0.4751699,4.690958,4.497771,2.1222887,-1.8904805,2.8881748,2.7418413,1.2633277,-0.5036989,2.0819197,-1.6627632,-1.2142599,-7.6653657,-0.15177359,0.75788975,0.74368954,3.261893,4.5844955,-4.9130387,2.3794563,0.99947226,-5.221356,3.1700764,3.9307086,1.7358068,0.15797855,-2.5243602,-1.5366153,2.4759266,2.8878129,-1.4172375,-2.3278296
249,2.2337315,4.2352443,-1.400113,0.49560434,1.2682353,-5.2244406,-2.0659754,3.7144296,2.4771872,3.9713526,-0.8791675,-0.1777479,0.4230488,-2.4803975,-4.4182224,-2.889162,1.8391329,4.8473473,3.270838,4.638593,-3.1840367,-1.7742826,-2.247146,-1.4787745,1.9236956,7.1389422,-1.5574676,-5.23737,1.0440682,-1.4258404,-5.27139,2.9650562,-1.8105311,5.7812557,-1.4894958,-0.72058773,-3.3174012,-7.8511877,-4.3980994,-1.2697426,1.2382364,-0.8301271,-1.3587735,-0.3902299,3.0086625,6.8337507,-2.485862,2.1509671,-1.2635356,-2.2529268,-3.491748,3.9370935,2.9151518,3.5495315,-0.11247854,3.285294,1.3622228,-1.7900561,-1.1866488,-2.9511566,-1.8799899,0.70580673,1.7846473,3.2607834,-4.3636556,-0.5716694,-2.533745,-0.045003124,4.34072,-0.94724023,-2.4321952,-2.5313747,1.4327854,-6.8527837,2.6376445,0.9737387,1.8084081,1.1812644,-3.3549852,2.1370919,-2.319124,1.7305678,-0.4461495,-1.5976714,2.960104,-2.926319,3.5549197,4.3297133,-3.6637948,-3.535207,-4.5031614,1.040451,3.7109632,3.6719294,-1.3798983,-1.3444145,-1.22939,0.928572,7.491779,3.8165348,0.08542469,-0.23291135,5.33003,0.09577982,0.8078149,2.63215,-1.6165712,1.9508187,-5.641329,-0.51306576,1.3728732,0.4840042,3.24085,3.9729059,-1.5584601,5.476897,1.6265447,-5.702058,0.23130298,3.8028157,1.5122846,-1.8440111,-3.0437145,-1.7577591,4.276135,-0.33948547,-1.7241333,-0.5624404
250,3.4305673,7.9535904,-0.6632783,5.436978,0.5061848,-6.46435,0.005671637,4.439964,-0.6826122,9.482434,0.3913632,4.6569705,-2.3437395,-9.238717,0.33041164,-0.13238037,-2.9997573,5.5429354,6.1918864,6.5933695,-7.8216295,-2.3704772,2.1073294,3.1426234,6.373496,9.944965,1.4922783,-6.9416265,-0.40401274,1.0072274,-4.3806334,2.6394498,-2.4192464,6.554051,-5.222307,0.21490997,-0.6830829,-9.871639,-4.7133646,2.6945171,0.2593602,-2.1505334,2.3879633,-2.3809593,-2.0194223,4.553356,-2.2831419,2.347036,-2.7495441,-6.7416506,-4.4917254,7.1161304,6.68808,7.006423,-1.6151942,0.8509996,-2.6167798,-4.3152823,1.0540789,-2.4364257,1.1183892,4.728694,1.3172529,5.997235,-8.02752,-3.3086138,0.08877692,2.0977294,3.6969602,-1.510187,-1.7427406,2.1838293,4.9364285,-4.9425354,2.0356848,1.2541461,-3.4975247,-2.481872,-1.6661357,9.441722,-0.08786213,9.362993,-4.890508,6.204916,8.360908,-6.5514,10.5231085,2.20518,-1.3594136,-4.8641186,-7.0586405,1.0388854,4.407171,0.58593607,7.8005424,-0.61917716,-2.7136464,4.566264,5.61124,5.6038585,-4.0059285,2.754321,4.0142694,1.363333,2.3735266,6.3638444,-0.08520276,0.59042174,-9.032424,0.403942,5.2323465,1.8253826,3.5722425,6.5425215,-3.844998,-0.15209204,5.149585,-7.7034903,4.2802315,5.1034355,3.421772,0.04785893,-2.668517,-4.380935,3.0379655,4.808743,-5.830131,-5.038081
251,2.314716,3.1812327,-0.48398262,0.7231288,0.6697795,-4.9274635,-1.8200414,5.6481104,1.3931739,3.5932932,0.5310063,-0.022781229,1.38976,-3.3947399,-3.1025496,-3.0521567,2.3843052,4.461888,1.4480231,2.967962,-1.4889627,-1.7540724,-2.197558,-0.23969695,1.999665,6.2334404,-3.8192716,-6.608599,0.6463033,-1.8635348,-6.391806,1.4256455,-2.9552429,4.54013,-1.7825519,-1.4993424,-3.4662256,-7.045723,-3.273182,-2.1235595,0.07446432,-0.4305113,-1.722728,2.1600876,2.3597531,5.5047894,-3.0338414,2.9930577,-1.4501362,-0.88517576,-2.761155,4.491023,1.9790211,1.4716043,0.2574416,3.1974564,2.030071,-2.5127518,-0.01205451,-4.037077,-1.161172,0.11196104,1.8643179,1.9601367,-2.9425423,-1.6624427,-2.0631902,0.051345233,3.1986349,-2.8467562,-2.7934365,-1.3535427,1.898918,-5.7178936,2.198205,2.4654524,2.1561584,0.25947118,-2.387128,2.3607914,-2.7208593,1.5941532,-1.8419981,-2.4392743,2.5107787,-2.370184,3.1134498,3.6200485,-3.1994038,-3.2962146,-3.1573267,2.073164,1.4573959,3.2617571,-0.9698343,-0.74907875,-1.3157033,0.4000498,6.6133842,3.808604,0.23081724,-1.4997494,4.993181,0.72557586,1.2693003,1.7917532,-1.2345107,1.7379487,-5.191884,-1.0264323,0.43122807,0.63671607,2.948224,3.6872103,-2.6178906,3.0812438,3.0052652,-5.1133513,0.78793734,3.6660047,1.260955,-0.20158528,-2.258191,-1.0996637,3.172454,-0.51061606,-1.49338,-0.11108048
252,2.416508,3.123854,-2.5729885,-0.9073453,-0.34780443,-5.1596723,-4.28565,4.3063416,0.57685953,3.8770094,-1.1673795,3.0143373,2.734594,-4.604671,-2.4039345,-3.903412,-0.17732269,5.0588427,0.9900211,3.8595257,-1.679805,-0.101981685,-0.663455,1.2799561,0.32990357,5.3844385,-3.314238,-6.8941274,-0.014552798,-3.3922067,-5.2905884,-0.4317989,-3.9878294,5.304888,-2.3369887,-0.45527247,0.90981317,-6.3640175,-1.0646393,-2.8036022,1.057922,3.798657,-1.9280746,2.0325432,0.17198057,5.654789,-3.293734,2.473138,-2.097638,-3.2985241,-2.280688,3.810141,4.336858,-0.64768475,1.1549138,3.839208,3.0265372,-3.9807813,-0.5938261,-2.809393,-2.1947844,2.0777156,-0.15051559,2.8520515,-4.077079,-0.5278718,-1.0831361,1.0739745,0.9596904,-5.24956,-2.2113879,-1.5087785,3.5079174,-3.2427053,2.3806758,1.0187675,1.5922607,-2.016647,-3.437846,2.0584002,-1.3831874,3.473607,-2.85562,0.7971835,4.1128335,-0.8643452,7.281951,2.423658,-2.39788,-5.1438107,-5.629444,2.1619833,0.32606906,1.213312,0.07441462,3.2684746,-1.877456,1.8052061,5.160246,2.865954,-2.706849,-1.1789739,2.6033108,3.9553971,3.272258,3.429149,-0.2779408,2.6054902,-6.5450644,-2.0043685,-1.0776035,0.694901,1.125805,4.190976,-0.92314684,3.183128,2.1980805,-4.778845,1.9654559,4.3499637,2.1834764,3.4888358,-3.054058,0.17233586,2.4828427,1.9890712,-2.7670724,-1.1997867
253,1.4737703,3.658799,-0.6296212,-1.1124026,0.9562438,-2.269582,-1.2032162,4.0463943,-0.40829086,3.2576687,-0.30130863,1.0441276,-1.4026703,-6.164635,-2.3586898,-4.465585,-0.14351064,1.9220742,2.9839861,3.9412389,-5.577881,-2.8392835,0.3098249,2.4804275,4.499679,1.9709269,-0.35501486,-4.2012134,0.47891232,0.7400452,-3.6619778,0.90139276,-2.568681,3.469292,-1.0440642,0.27818385,-0.55517966,-6.370963,-1.1006596,-0.1581264,-0.0013607182,-0.64671785,0.0049499813,-1.0693169,-0.47288102,1.2337692,-3.9139273,1.3381892,-2.0081174,-4.6422496,-2.0793219,2.2166135,1.9670516,-0.66161287,1.5238274,2.8177638,-1.1190602,-2.08976,-0.2624204,-0.5838665,-2.6401727,3.0649364,0.20412767,2.951181,-0.6356575,-2.8888116,-0.2051952,-1.1356056,1.0099379,-3.1001694,-1.858999,-0.11825628,3.4479706,-4.3972006,2.6099505,0.76545143,-0.14792332,0.08120548,-1.8519925,3.167309,-1.3010517,4.1504555,-2.5220554,3.081948,3.9343233,-2.1563447,4.597195,3.6651037,-0.268606,-0.9641554,-3.7072527,-1.4941031,1.3119628,-0.122545734,2.1244678,0.99538,-1.9846189,2.8306139,1.1552274,3.3869069,-3.9968634,1.3631836,1.4818059,4.2342963,-0.17161313,4.063488,-3.590275,-1.4543873,-6.0127473,0.67915976,-0.6175368,1.1091027,1.8267163,2.7761176,-2.873544,0.48297903,3.114002,-2.7572258,2.8445716,3.2072752,-0.023684703,-0.35820726,-2.1163135,-3.222786,2.9343367,3.407466,-0.86694455,-1.4050283
254,3.5440428,7.045849,0.012362026,1.2861987,2.2067764,-4.6368203,-1.9191077,4.3930235,0.7130946,4.065743,0.56992084,3.7086086,-0.8849428,-5.773828,-0.8320127,-1.0825709,1.3326108,2.840448,5.147198,1.2902348,-6.2966137,-1.7648859,-3.329345,2.0976431,3.6548698,10.4537525,1.0409033,-8.874741,1.7205685,-2.3051965,-7.7081957,3.3039925,1.8994373,6.3212733,-0.85926753,2.2092516,-3.1425228,-7.0736194,-4.039025,-0.16062474,2.8268073,-3.6550848,0.4064949,0.27413717,1.5607759,3.9200478,-0.6996508,0.08885379,-3.8029988,-3.2699716,-5.061091,5.44658,2.9467952,5.272021,-3.4399974,1.724345,0.3442016,-2.7172403,1.7751893,-3.2780137,-2.74319,0.8431932,1.7910409,5.7191772,-3.0647213,-2.316519,-0.5497281,2.1490676,4.879519,1.6206307,-2.0719075,-0.7759094,4.2941785,-6.706535,1.0821455,-2.1440349,-1.0575879,1.9230827,-1.7627225,4.072415,-3.1539817,5.3853073,-1.8732979,-0.39992812,4.376217,-7.0541563,1.8801502,3.2258658,-6.2879715,-2.6292758,-4.9184866,0.4525612,1.809781,3.5309906,3.6704152,0.6953812,-2.4454045,3.132151,7.6713624,1.902553,0.6038025,-0.4741214,6.6675067,0.57398546,1.4644694,5.562176,2.0188265,1.5883079,-6.8510637,1.433292,0.8879211,0.2925311,2.762692,3.7503967,-0.40529448,0.16109575,3.8039308,-7.5751343,1.3420299,3.7706778,0.80608326,-1.0266757,-2.9371758,-2.7641425,2.7555246,2.187339,-2.9351902,-0.8404079
255,3.880368,3.6517622,-3.5589864,-0.6603501,-2.269741,-4.627973,-4.499535,4.143598,0.935926,5.0881495,0.39379445,2.305047,4.210254,-4.9884095,0.25037,-2.7203784,-0.7864901,6.691999,0.70957714,5.5667205,-1.74949,1.234015,-0.95310277,-0.6827604,0.77797467,8.455346,-2.4466467,-6.0879536,0.17169434,-3.2830067,-5.0688057,0.95881164,-2.3063824,4.276907,-4.5799193,-1.1115035,-0.56657845,-7.1827927,-1.7584361,-0.7262583,0.014587287,2.945212,-1.2685851,1.4549689,1.3172104,6.4745326,-0.55309355,1.8713315,-1.9175785,-2.5338347,-3.0026562,5.7003508,4.90276,0.8120833,1.2489715,2.973007,0.9692221,-4.036841,0.61951494,-3.461515,-1.6937733,3.1589422,0.99491227,3.3588932,-5.5376663,1.0126272,-1.5829966,1.8617921,1.445762,-3.5152988,-0.8491602,-1.0014052,3.058175,-3.5109985,2.2355695,2.4863033,1.5625696,-1.55502,-2.3263874,3.0832279,-0.18476385,3.239743,-2.9326043,0.36180884,3.5183215,-1.3026747,5.9035435,1.0385455,-1.9102964,-5.560001,-6.3087597,2.9064918,0.34623265,1.9703149,0.49040663,2.9882903,-1.5144452,1.0361719,6.212691,4.5879507,-2.3841033,-0.4516447,1.9367558,3.2272375,3.6701941,3.9207323,-0.03260493,3.8865008,-6.2277074,-2.3358307,0.2865415,0.304592,0.8290195,3.239887,-2.2329412,3.8576224,1.9657866,-5.455883,1.2120938,3.8536382,3.2243907,2.4794743,-3.4104676,0.30052382,1.6196342,2.0850453,-3.722043,-2.0927863
256,4.6731005,5.1696963,-4.6659856,-1.4743245,0.031754814,-4.6381855,-5.84097,6.82263,3.2337172,8.733782,-1.636544,0.38510886,1.5037571,-4.634632,-1.8226775,-0.7357881,-1.8359002,4.820761,-0.7349677,5.1452336,-5.958849,-3.384701,-1.7331852,-1.42346,3.6070094,8.771941,2.4525914,-7.33102,0.87419987,-2.707139,-2.7646036,0.6396017,-2.3748527,4.688075,-4.2568517,-3.824354,-2.0926883,-11.281679,-4.323323,2.440562,4.590112,0.45309848,-1.1387619,2.4669542,0.4304565,5.434751,-2.4561505,2.4941752,-3.8344116,-4.667738,-2.6696336,6.2561264,6.6360464,4.856108,1.8430201,3.3095822,-0.24342574,-1.7980288,-1.7496977,-2.287777,-0.540945,2.3141682,3.3458233,3.8288207,-7.1810966,-0.8091868,-1.151173,-0.59809077,2.604783,-3.6543481,0.99518526,-0.18870902,1.0683237,-9.191487,4.0707717,1.1769168,-0.103645615,-1.7796391,-0.9051168,4.5761023,-1.8941365,3.928997,-1.9374427,5.6999197,4.554732,-1.2837074,10.255413,3.7989328,-0.63433427,-5.186358,-10.595374,0.2524189,3.3739398,-0.25283337,0.44011003,-0.2971041,-2.9112911,7.5180755,5.6730514,5.6419296,-5.216904,2.2013028,2.1254373,2.7879949,0.45507038,3.508087,-0.33604118,2.2664518,-10.975203,0.27106097,1.5737926,1.5486712,0.2025742,3.13021,-2.2856102,5.808604,4.7245245,-5.6674247,4.192223,5.469058,4.7444224,0.8080902,-4.0192084,-1.0468358,2.8321202,4.245154,-4.077048,-1.8309188
257,3.999225,4.696583,-1.1708012,1.3126267,3.94026,-3.406903,-3.7143798,5.294457,1.6632344,3.7498846,-4.178347,-0.3103732,-2.5808556,-5.7597303,-2.4249465,-2.9149034,2.160472,0.67127156,3.5137787,1.8065304,-5.519086,-4.536512,-1.8266244,2.8188384,4.1255884,4.502399,-0.15179574,-6.1133537,2.1392577,-4.091851,-3.54556,-0.640457,-4.953446,5.905769,-0.78181595,0.64423674,-2.715902,-7.5726643,-4.9248943,0.9107254,3.7963529,-0.4759475,-0.8603702,-1.2275302,0.35496184,5.4506545,-4.768913,4.637998,-4.028684,-3.033875,-2.5838325,3.3201437,3.191942,3.447591,1.4947696,3.4435797,1.2331588,-2.0975254,2.3691096,0.29456827,-1.9254465,0.44459617,3.6662886,3.6722782,-3.8476336,-0.9665793,0.594678,1.4842983,4.8773074,0.33282173,-2.9669638,-3.4661288,-0.48433474,-2.7490897,2.2696586,0.8177181,0.083878286,1.3418075,-3.9327886,2.9895172,-1.2649814,3.8048897,-0.5597546,4.2152114,2.7712262,-2.2305121,6.421592,4.876056,-1.4524918,-4.54306,-3.0693634,-0.32378066,2.7927384,0.7033339,1.4976416,-1.8307748,1.2144942,5.7835503,6.2309155,2.2964964,-2.9553962,-0.22778279,5.252076,-1.172331,1.7402965,4.505912,-0.063037984,0.41756067,-8.795301,0.060618356,0.6030945,2.7797458,5.326227,2.7185981,-3.6264367,1.3652915,4.2939434,-4.566837,4.0220337,2.5203416,2.4944546,-2.5089393,-4.4683485,-4.2399864,3.2728145,4.3695307,-1.5995308,-2.5642161
258,3.4514763,2.9068506,-1.860211,-0.17956814,-1.5827267,-3.969321,-4.548237,4.7111926,1.0542424,4.759392,0.08245993,1.2718103,4.539091,-5.1942315,-0.18661648,-2.783566,-1.3863436,5.734852,0.5721685,4.840273,-2.3292158,0.6880495,-2.1832664,0.6253839,1.6041962,6.6989913,-2.662445,-4.6714206,-0.36509997,-3.132599,-6.116237,2.2079437,-0.9581134,3.161467,-5.012331,-0.87891155,-1.3437304,-6.669471,-1.1450602,-0.5566129,0.44997987,2.7830603,-1.1909868,-0.18322574,1.6767788,5.9734764,-0.8485479,2.780211,-3.061855,-2.5456564,-3.273164,4.9780636,3.969571,-1.727004,1.7980167,2.4664705,0.66102165,-4.4224753,0.7328118,-2.9507582,-1.8233646,2.6942608,1.0511345,2.8628676,-5.16149,1.2974797,-0.48238975,2.1124697,2.7558377,-3.585695,-1.0290098,-1.0552197,2.2658806,-4.4824624,2.564432,3.4457052,1.1980366,-1.2299533,-2.882829,1.8227601,-1.4769051,2.5414455,-4.2360153,0.7321389,4.0075803,-1.0502627,4.4809785,0.937737,-3.1614115,-3.5165646,-6.0499387,2.315637,-0.3281324,2.4883869,-0.014255844,3.1597664,-2.8274908,1.0099077,5.1240067,4.876228,-2.3671088,0.4431009,2.1110086,3.287627,3.2358122,3.5384834,-0.7743777,4.192477,-6.718618,-2.2242756,-0.71008855,0.17354812,0.84570813,2.4781182,-2.2786183,4.6556277,2.8572176,-4.682043,1.783525,3.1905224,2.280147,0.3163891,-1.0194509,-1.2946504,1.6970052,1.6810919,-3.0278082,-1.7286497
259,1.48046,4.0321336,-0.24277285,-0.7469239,1.2707175,-2.4907806,-2.1999779,4.927577,2.03842,3.3476374,-1.5565858,0.6981049,-1.893688,-3.0954747,-5.2805867,-0.31549367,2.133826,2.4473293,0.79439133,3.8718822,-4.3159695,-2.8976612,-0.45301569,0.79160464,3.74519,1.7753013,1.5515541,-2.8506315,-1.1702071,-1.1316359,-1.9712057,1.6289128,-2.2645802,4.2624726,-0.68638945,-1.2976602,-1.8977559,-7.2305512,-2.10545,-0.7164621,0.75325245,-0.6382807,-1.8410993,-0.750974,-1.2376066,2.7286842,-3.7978606,1.2875786,-2.234911,-3.7690432,-1.3016269,2.1791728,3.3732045,3.6261873,0.58174396,1.4986842,1.4882754,-1.0108992,-0.5070255,-0.3431478,-1.387691,1.177633,1.2351857,1.7371556,-3.742109,-1.6384318,-1.5419426,0.5029995,3.1672463,-0.47129196,-1.6069139,-1.8265471,2.034834,-6.324905,3.902399,0.31682262,-0.9153008,1.1500249,-1.4802183,2.047955,-1.9175533,3.15479,-1.2196691,1.543497,2.5126379,-2.4566398,3.2320864,5.686463,-1.3329198,-1.3485157,-4.891062,-1.028465,1.3959639,1.6361456,1.5083699,0.1856633,-1.7494318,2.7991402,4.641074,3.18484,-2.8249397,1.2989012,2.881069,1.5361011,-0.8559623,1.4857372,-1.1733346,0.40038586,-7.5730567,0.57612556,-0.68086684,1.7941443,2.1546385,3.3267016,-1.5460688,3.2563658,2.5745907,-4.7228613,3.5218604,4.2031913,0.49522594,-1.1591332,-1.7395083,-0.9548041,4.4150043,0.85803497,-0.6777123,-0.94583595
260,3.8006632,6.7889676,-1.0574474,-3.1292195,1.3357736,-1.7937676,-5.406795,5.3581514,4.527389,2.7924838,-2.371761,0.4678953,-1.2264453,-5.176343,-4.2623973,-2.590775,0.35286218,4.019756,3.417896,4.0534835,-8.470268,-3.781339,-1.8997577,1.0853331,5.0794716,4.148367,1.7418455,-5.5378685,0.25670895,-3.2017825,-2.6484833,2.154217,-1.6111734,3.094048,-2.3349645,-1.1760001,-0.6594025,-8.090388,-3.9523296,0.7927752,3.066243,-1.8725972,-2.168219,-1.6479797,0.7631524,6.694828,-5.6082263,3.2693558,-4.804812,-2.856285,-2.7011898,4.089735,2.7249851,2.9889627,2.4584706,2.33791,0.1227739,-0.30680147,2.115178,1.3350632,-4.668553,1.8706744,3.6621919,3.4582262,-4.106767,-2.703946,-0.43420398,2.3696833,3.7342234,1.016645,-1.0190763,-2.492551,1.20943,-6.493206,4.1956444,-0.5215956,0.39799196,3.2323081,-2.160124,-0.28892392,-1.6215653,3.9186168,-0.811725,2.3594244,3.0067618,-2.06139,4.6654677,6.3909388,-4.7376347,-1.6784803,-6.4931426,-3.2424827,1.1894969,1.3431221,-0.8100733,0.28492245,0.23833634,4.907455,6.1529627,3.6008701,-2.6212606,0.67880154,4.073037,1.824888,-0.06070499,4.5002527,-0.37934336,0.6904458,-10.920634,1.7670773,-1.085076,1.340423,3.433806,0.64113337,-3.0742426,6.557425,0.9891643,-4.9363832,5.1584883,3.208103,0.5972051,-2.6094503,-3.1184509,-4.1361604,4.307272,3.2275805,-1.2861291,-0.97735894
261,2.8783488,3.8442209,-2.2124548,0.7636333,-0.43870938,-4.964244,-2.3282163,2.8152335,1.7826757,3.54314,-0.18731496,0.8662398,0.67760396,-3.595944,-1.4708681,-2.7089734,0.17890263,4.3438306,2.6013443,3.234827,-3.7043555,0.12846245,-2.347776,0.11162969,0.2521026,6.931947,-2.0964847,-5.929389,0.78842354,-2.6482124,-5.3486753,2.0601523,-0.58820534,4.3141656,-2.294163,0.74216086,-1.9273965,-4.829098,-3.9149837,0.17135778,2.4318714,-0.7676117,-0.4293839,-0.9118791,3.136143,5.996913,-0.8487098,3.8277297,-0.05239243,0.17513971,-3.2730632,4.556445,3.475293,2.6986964,0.29734966,2.553699,-0.34496754,-1.6370195,-0.07071698,-2.1523602,-1.9100585,1.6279721,1.5122663,4.1569514,-3.9517822,-0.19565779,-0.81846595,2.0334816,2.9588614,-0.16003393,-1.7957674,-1.9083257,1.36035,-3.9687042,1.5555737,1.901393,1.4483782,1.6116401,-2.2351696,1.721854,-1.4691159,1.8481746,-0.3143064,-1.1008496,0.97121173,-1.6797401,3.9280858,2.1014006,-4.059578,-2.5285523,-2.9405146,0.5486586,3.5427103,2.5610716,-0.44600052,-0.53019047,0.10796334,1.823385,6.3513894,2.0544145,-0.5881427,-0.6573092,4.0245686,-0.33362576,1.6808232,3.6195934,-1.0857046,2.3589046,-4.329262,-0.79693747,0.1419246,0.7824096,2.765119,4.339239,-2.8532584,3.9454618,1.463391,-4.5972466,0.315825,2.5708225,2.2128124,-0.35939372,-2.4281461,-2.5970845,1.6047652,1.0173256,-2.8879147,-1.3091755
262,3.2738304,4.8632083,0.075049624,-1.0390568,0.844005,-2.0034359,-3.666479,5.194573,2.3843267,3.8523302,-0.57954836,0.67158234,-1.1407356,-5.629621,-2.775586,-2.393237,0.30032775,2.85993,2.3194814,1.9164534,-6.770942,-3.1444511,-3.0973108,2.0176775,3.0684674,2.6293473,0.66031826,-3.3601675,0.42631254,-2.055497,-4.0528226,3.4145582,-0.048230916,3.3161702,-2.8852167,0.9738775,-2.1199398,-6.9677997,-2.9129279,0.45073247,3.7126577,-1.4313107,-1.3716854,-3.4385943,-0.13578172,4.7191544,-3.8977575,2.9981673,-4.6312675,-2.8194284,-2.7529976,3.404575,3.001186,1.7044946,1.1315519,2.378472,-0.25203574,-2.0847943,1.5413761,1.1239094,-3.7251184,1.0189127,3.1027844,3.9256885,-3.0930989,-1.0458629,-0.17064553,2.6845853,4.1704063,0.8297242,-0.4213792,-2.1794264,0.62328786,-5.705565,4.08739,0.73415935,-0.87892276,2.7647069,-1.8713893,0.36093068,-2.8036366,2.9746077,-2.8317955,3.3528743,2.5559337,-1.4694827,2.607979,4.944866,-3.0619752,-1.255666,-5.492141,-2.2779644,0.37146574,1.6210496,1.648892,-0.35983562,-0.86782473,2.9367726,5.4591823,3.0056262,-2.7622151,3.0943482,3.3683307,0.30341303,-0.6106693,3.3276944,-2.5165405,1.5065411,-8.679379,1.2836177,-0.2846551,1.0747025,2.6330943,1.7789332,-2.573548,4.1592374,2.7818031,-4.9481707,4.2558985,1.5627908,0.41910806,-3.7716296,-1.5818735,-3.6862876,2.4454813,2.1894586,-0.5464746,-2.664353
263,4.269242,3.6663458,-1.7622354,-0.65706944,-2.5859523,-3.0827334,-4.947298,4.865899,1.2258035,4.8280616,0.13429157,2.2569273,4.302074,-5.533461,0.42976943,-1.6417334,-2.5514686,5.643826,-0.30348802,4.4960127,-3.5316436,0.30077967,-1.2773343,1.5684464,2.4412096,7.029087,-1.2647437,-4.9269753,-1.0470784,-2.7073119,-5.1894054,1.8925948,-0.38184512,2.9027147,-5.459149,-0.8462122,-0.7131186,-7.0077443,-0.5002613,-0.08501798,1.07848,2.1956356,-1.213432,-0.5147992,0.064628646,6.0751963,-0.5216737,2.3409426,-3.945182,-3.2603407,-3.2669575,4.6013927,5.1683984,-0.38982195,1.4497119,2.2202244,-0.11155324,-4.7205024,0.37241316,-3.1556754,-2.69369,3.5622032,1.5501382,3.532503,-6.2547064,0.97071064,0.80731255,3.383984,1.8144318,-2.9045308,0.15935446,-1.3965181,2.123597,-4.7340965,2.9583569,2.437733,-0.43118218,-0.6825974,-1.8616691,2.8462873,-1.7740809,3.3528736,-5.067192,2.3037019,4.652332,-1.6658317,4.5888433,0.8998686,-3.27688,-2.9477742,-6.8288045,1.9390353,-0.43272537,1.9561529,1.3305699,3.1528065,-2.8893025,1.3142992,5.6783595,4.8001432,-3.0939622,1.9809405,0.930711,3.6402135,2.7819502,4.3390946,-0.28543898,3.9000607,-7.486488,-0.68705475,-0.9367951,0.40457636,0.016604394,2.0949202,-2.4072173,4.6823573,3.0122252,-5.398069,2.6056697,2.9193408,2.5622277,-0.12891261,-1.541058,-1.5345892,1.3774445,1.8673837,-3.4315677,-2.4025733
264,3.8625073,4.6743217,-2.999271,-1.6603798,-2.8823514,-3.4348643,-5.2864285,3.1385107,1.4611146,4.1217384,-0.79697216,2.6910203,3.5528977,-3.846779,0.05911324,-2.0909724,-1.3400245,6.2928443,0.7275919,5.290963,-1.905108,1.182926,-1.4351538,-0.15149456,1.3115613,7.51766,-0.3363221,-5.527925,-0.2107745,-3.7102869,-4.049436,0.8513597,-0.79475224,4.0296354,-4.5753756,-1.1130106,-0.30996138,-6.2709603,-1.3191153,-1.281587,0.95555526,2.3319685,-1.6355118,0.41518,0.17775542,6.4314833,-0.7048671,0.61062235,-2.9622788,-3.3269315,-2.2480597,4.996194,4.5084615,1.6751229,0.59539604,2.4652526,0.80404264,-3.6634374,0.63237536,-3.786612,-2.774842,3.047905,1.1185441,3.3368025,-5.455878,1.4102453,-0.8011132,2.5939138,1.2290664,-1.6388214,-0.42370373,-0.8433775,3.084707,-4.719245,3.566447,1.361008,1.2473576,-0.01770266,-2.4943538,1.8624183,-0.81402504,3.9369218,-2.9678028,0.42237812,3.5366316,-1.8461242,4.891935,1.4302042,-2.9995542,-3.1920881,-7.233308,2.2131464,1.2925196,2.0922997,0.48486215,3.2724214,-1.4223878,0.8071446,5.9005675,4.1671658,-1.8650838,1.0245942,1.9357408,3.3147013,2.5995262,3.8887737,1.1942858,3.6009655,-6.5362206,-0.5646351,-1.1293057,-0.17262475,-0.11736648,1.985707,-1.0500325,4.522131,1.258895,-7.061651,1.840084,3.8203552,2.9259176,1.7728629,-2.725299,-0.19546402,2.0307093,1.8314131,-3.559809,-1.2815466
265,3.5609803,3.5760584,-0.69453275,-2.3780568,0.9406634,-12.188786,-7.498372,14.040834,4.24346,14.537976,-2.1499014,-0.2099104,-2.9282064,-6.9324455,-3.882735,-7.3935122,0.96515465,5.5796046,2.3138704,8.00103,-3.4785984,-15.275551,-3.2814715,1.5246713,8.653504,11.618798,-2.6073802,-8.978333,2.2120652,-3.0882256,-10.84707,2.1580412,-5.367228,12.907841,-8.325896,-8.284429,-4.791367,-17.221512,0.026329752,3.0714688,1.5897052,-4.177269,-0.7752077,4.9330273,3.0148933,8.325637,-10.386791,2.4570627,-7.9445944,-12.36743,-5.475227,9.369116,9.96496,3.0970795,1.3338282,5.953928,-0.3119026,-4.674321,-5.1666284,-7.2690487,1.9638027,-0.97825193,3.2286549,0.696338,-5.2528234,-6.3532643,0.361593,-3.6063373,2.8308027,-11.676939,-1.481818,0.27741656,5.8149967,-16.032131,2.3462296,4.3535147,-1.347361,-4.7942123,-5.3623285,6.6404943,-5.654189,4.324572,-5.4430933,10.333131,10.933658,-5.2038927,16.122536,9.656706,-1.9370704,-3.91245,-13.968935,-2.2060637,10.701582,-1.6515284,0.15460363,-2.1597288,-7.449339,7.801717,3.3939972,10.948866,-6.253821,0.68588173,3.909419,6.1562448,5.247411,7.2227707,-6.5449204,-6.232282,-14.179598,-0.61763954,5.8123164,5.0097017,0.6037228,4.9171457,-2.238346,5.953963,14.5051775,-7.971988,4.0842705,8.380238,0.15758541,-0.75092185,-4.2955523,-6.4625297,8.126711,6.105721,-5.594901,-4.3207827
266,2.7099497,2.6024294,-4.9256015,-1.5989274,5.5011497,-6.648558,-4.2819567,5.8766913,4.315655,5.1898437,0.52700937,1.1584443,0.521834,-4.1181536,-1.4907264,-5.6001787,1.9063609,7.1452107,8.122565,2.884727,-6.0428452,-5.408666,-3.6846437,4.8297105,5.320313,9.820394,-1.9129771,-9.686471,1.2685696,-3.289371,-12.000666,3.2047408,-1.4969883,5.189411,0.029925436,-1.6867706,1.0462064,-3.8736498,-7.240812,3.7868063,2.152642,-2.1550415,-2.022182,0.9522416,2.3723378,7.053567,-7.8454247,5.3118315,-5.196149,-5.2125607,-6.9531803,5.768685,2.800771,-0.9950863,4.0630655,4.841536,-0.9370991,-2.3065867,-4.335524,-1.6593221,-7.1741467,0.91164887,3.5313234,1.5384245,-2.3643384,-5.5991745,-1.8878249,-0.7241548,1.1169087,-2.3248458,-5.0234437,2.664331,8.086001,-5.8678446,0.72772294,-3.761484,-0.50347877,-1.9207106,-5.825381,-1.2061076,-0.8344937,1.19633,-3.1994317,1.5321367,5.9432664,-2.7538517,10.272415,9.140778,-5.286664,-2.9100904,-8.597496,-3.180451,3.0900538,-2.9221885,-0.19508068,2.6204119,-5.322348,2.1113594,2.374836,4.176756,-4.9429502,0.5073452,8.619341,9.642016,6.9734635,2.8250437,-0.9742986,-5.4143014,-6.291142,2.7861056,2.467495,3.8002315,3.8871818,3.2757127,-5.789599,5.339611,3.023149,-7.357005,3.1667411,7.446062,-0.70127827,-1.0396197,-2.1424754,-7.515689,4.4096403,1.907251,-2.9380753,-0.84748805
267,4.3234596,3.4661613,-4.0259633,-1.1937599,-3.085418,-5.7441607,-3.490843,6.4780636,1.2831676,6.2283473,0.27104402,2.911091,4.5811367,-5.3994794,0.22675776,-3.3052588,-3.0873268,6.4015408,-0.70888793,6.1452584,-2.8158517,-1.1696384,-2.0779,-0.8211007,1.2860799,9.228857,-3.6087232,-5.3473325,-1.2272737,-2.2851212,-6.423883,0.7299847,-1.7220364,5.222995,-4.8298464,-1.5370811,-0.47779197,-8.653087,-0.63848376,-1.4201928,1.2676336,3.7093377,-1.1160454,3.077302,1.356468,5.310591,-2.2428663,1.5821306,-4.4643326,-4.635255,-3.6059709,4.0438633,6.9188375,-0.47059247,1.4842806,3.7606854,-1.031429,-4.95135,-2.3351538,-5.1846395,-2.1480875,3.202158,-0.6640928,3.2637875,-5.5651226,-1.28294,-0.12890445,0.52120495,-0.3435185,-7.0332794,-0.08153572,-0.39627272,5.426044,-7.2121444,0.8484825,3.300752,0.17790338,-2.3141775,-2.095224,2.636914,-3.2069411,2.4587467,-4.7546115,2.963347,5.7548027,-2.0134647,8.456037,0.2761904,-0.55673647,-2.5638547,-6.98241,0.38187054,1.2301662,0.8879762,1.0128866,3.0929048,-3.4559615,2.3945374,5.6515117,5.789145,-3.9385848,1.7463876,0.30899653,4.3420825,3.0700464,4.413468,-2.1442826,3.0954263,-7.98219,-1.6165911,1.8716333,0.28019065,-1.017302,4.0688586,-3.796679,4.731701,5.557842,-5.612733,0.90561706,3.6579654,3.1875405,1.6801944,-3.32372,-1.2456084,2.703414,3.3664243,-2.767883,-2.344093
268,0.4978044,2.3484838,-1.4656043,-0.13049659,1.8779542,-5.66174,-3.2921145,3.9127347,1.8821663,4.093787,-0.14464815,0.56816155,2.642597,-2.7164667,-2.0599155,-3.171392,1.6704162,3.2161882,2.7158835,1.4370564,-0.31094283,-2.7506068,-2.061235,3.0955954,0.7753637,7.286652,-3.3150685,-8.4940815,1.5296947,-1.3012884,-8.583572,0.02228148,-2.7027557,5.3524284,-2.757492,-1.3072112,-2.6586115,-6.7254667,-3.547873,-2.0323098,0.82618475,-1.759058,-2.1425629,2.5231013,2.6167872,6.0057907,-2.0246065,2.9971867,-1.0158589,-3.1381583,-3.8726165,3.390266,1.3578762,0.9480379,0.6553548,2.1367764,3.106225,-1.7487073,-1.2921356,-4.8169856,-1.7004849,0.16890731,3.1016307,2.0125089,-3.9377666,-1.0711144,-0.14802584,-0.8482486,4.054644,-3.2551882,-2.0911927,-0.7180748,1.4571472,-4.6506186,2.4847825,0.815788,2.836255,-0.32102752,-3.4525268,4.137829,-2.5461192,3.6312785,-3.1569428,-1.5161974,3.8899941,-3.587322,5.862796,3.323928,-4.054387,-4.9304085,-4.602729,3.3750844,2.7237093,2.6461496,-0.81469274,-0.07697067,-1.872919,2.3563619,6.1088767,3.4252255,0.39137143,-1.6185403,5.2664857,0.5243447,3.558972,3.7667139,0.29916915,1.65024,-6.373721,0.042952254,-0.6297926,0.813452,2.1642704,3.0036533,1.4229821,1.9777762,3.6179485,-4.0948596,1.8457189,3.871515,2.6264708,2.8204546,-2.694442,-1.4930298,2.6034002,-0.06879151,-2.754945,-0.46782857
269,5.1918416,4.7299,-0.63915867,-2.3039143,0.35258374,-5.570075,-6.0460844,12.07392,3.794218,8.319861,-4.3547072,-0.5472448,-2.197709,-3.4557023,-3.8237996,-3.879464,0.1533421,4.0200744,0.6457587,6.494937,-6.0364976,-8.304122,-1.8912437,-0.9942269,7.391981,6.9305234,-1.0671653,-5.79684,0.49632773,-2.2449183,-5.05526,0.5092546,-4.7167907,5.4838057,-6.1359873,-8.560975,-2.42642,-14.8035555,-0.8211161,1.0379026,0.57295686,-2.5416162,-2.7829988,3.0370698,-0.8417078,3.3964853,-8.288603,2.7815392,-7.686872,-6.832715,-0.7348136,6.215565,5.581002,2.4107409,3.4829006,4.6017447,0.45521864,-1.6204674,-0.7767672,-6.37423,-1.4065973,0.23009697,2.6026833,-0.19907464,-5.2926826,-4.4385777,0.9723844,-2.1757731,1.190907,-4.8446503,-0.6865699,1.2553095,3.6272,-11.449624,4.536414,1.7278082,-0.6691334,-1.5172651,-2.9978647,3.052367,-4.1785107,3.35083,-4.018736,5.4365788,6.941651,-2.4136095,10.651978,9.018793,-1.7186654,-3.3758945,-10.169981,-1.7279724,6.7154374,-1.7572298,-1.3213836,-0.05745572,-4.4111485,5.6911454,5.2399793,6.6662836,-2.608942,1.4981911,2.694498,3.887075,2.6409304,4.489085,-3.1206226,-3.4103572,-13.317862,0.8463626,1.8585143,2.9676275,-1.2467518,2.8577402,-3.435024,6.998392,8.392946,-7.3742094,5.067012,8.131589,1.0348305,-0.5101908,-4.045083,-3.521075,7.814294,4.7075973,-1.4070908,0.6442711
270,4.261228,3.987348,-3.918621,-2.0969248,-2.8329136,-6.390161,-6.7602067,6.3194413,1.3289775,6.9991527,-0.55299354,2.7039297,5.537887,-5.799263,-0.008528139,-4.0733294,-1.1911491,6.9719133,-1.1302565,5.7956476,-1.242579,-0.3442545,-2.98153,0.1395604,1.0699843,8.880159,-3.981859,-6.3241267,0.58259594,-5.443691,-6.357531,-0.4532357,-3.012097,6.2408705,-6.1753244,-0.73341346,-1.532859,-8.578766,-0.24147312,-2.047731,0.2098045,4.6383076,-2.6887062,2.7288563,0.728387,8.012103,-1.8497332,2.917803,-4.2787495,-3.1827872,-2.3698351,5.79182,7.3067927,-1.051288,2.5617337,4.4466887,1.6928637,-4.801053,-0.25032625,-4.0974007,-1.9582111,3.345827,1.7312951,3.9371328,-6.184013,1.5753006,0.24375515,1.8316345,1.3490691,-5.956551,0.4900143,-0.9772115,4.163574,-6.2876477,2.3273058,4.039445,2.3739789,-2.5419176,-3.4893646,2.3319325,-1.8527694,2.7962375,-5.331352,2.139726,4.6999817,-1.4703283,8.5259695,0.64276147,-2.3988996,-5.2376647,-7.451406,2.5492954,-1.1695926,1.97756,-0.48093718,3.6917143,-2.5441325,1.816297,6.4188943,5.951727,-3.7985787,-0.452433,1.0878912,4.483822,6.1559057,3.7770922,-0.9365721,4.7723413,-8.494893,-2.079606,-0.56058586,0.083895355,-0.038574006,3.0651302,-1.8563541,3.9786599,4.3668246,-6.082261,2.6274211,3.774092,3.6978185,2.1596856,-3.6438344,0.077249885,1.4029025,3.2521157,-3.205327,-2.977755
271,3.128349,4.397687,-3.5596058,-1.1625855,-0.95278096,-3.8640716,-3.820375,4.7688403,1.7863376,3.8929858,-0.57429254,0.77627355,3.0990686,-2.9733973,-0.85397357,-2.0359228,-0.21460831,4.1960015,1.7105347,3.5864673,-2.326895,-0.37597787,-1.520997,-0.63729656,0.34917995,7.0008435,-1.8928158,-5.5809293,0.34467956,-2.5235858,-5.1399755,-0.4474025,-2.49408,3.434745,-2.3977692,-0.7757473,-2.9398758,-7.533026,-3.09997,-1.7446735,1.4337032,1.4839523,-1.7122359,2.4680462,1.77481,4.601934,-1.4230533,2.1723704,-0.9704825,-1.6973559,-2.6713078,4.0348663,3.5449917,1.7807796,1.8602439,3.540901,2.034296,-0.8425237,-0.64387643,-3.9692705,-2.5267093,1.6551162,1.8275462,2.3434043,-4.5204062,0.22275174,-2.1580083,0.41973314,1.9738083,-2.4767754,-0.40471166,-1.2946576,2.3147607,-5.29103,2.8052533,1.792655,2.1288908,-0.1861695,-2.2652252,2.5446787,-0.8464707,3.1055923,-1.8773782,-0.46019962,3.079801,-1.6000928,5.5788827,2.7994354,-1.6165524,-4.7928796,-5.226133,2.6528833,1.0423253,1.4043307,-1.0066162,0.7579416,-0.7711358,2.3483295,5.893802,4.5466514,-0.5072733,-0.07501142,3.3896592,1.6464677,1.5251307,2.8434472,0.09562898,2.8785822,-6.5550704,-1.413401,1.0784427,0.43638998,0.89238316,2.8821566,-1.7345496,4.0836496,2.0107174,-5.7232428,0.6341893,4.3812184,3.3066182,2.4801097,-4.05179,0.6082576,2.1677997,0.62892026,-1.920434,-0.5687576
272,3.5096233,4.9490957,-4.3769407,-2.988451,0.65722835,-6.8050566,-4.20103,10.386023,5.2897906,6.268235,1.9870223,1.6538652,0.5208835,-4.8692126,-2.2811346,-0.8296027,-0.06568211,5.093819,0.86115324,3.6927438,-7.501216,-4.889222,-2.7279594,0.8811063,3.9480548,8.359822,2.0602958,-9.270264,-1.2027175,0.8435377,-6.5912466,2.101838,-1.0425686,3.7490768,-2.7261539,-3.118687,-0.0077483086,-8.472665,-4.8162003,2.185488,5.810985,-1.7783365,-1.0999873,5.133257,1.3096899,2.744477,-3.3997066,2.8156536,-2.822674,-3.8454247,-4.076327,7.4807634,6.543342,5.186679,2.9191642,0.5294364,-1.7890548,-1.2881278,-5.1365557,-2.3979096,-3.5453744,3.7302656,4.484425,0.8977975,-6.149911,-6.491216,-3.3693845,0.6332447,0.35529774,-2.0262153,-0.6144827,2.4292958,4.2879624,-9.870868,3.4152703,-0.20619825,-2.0314102,0.66369945,0.76401955,3.2636793,-3.1799786,1.5794991,-3.7756314,3.320275,4.9402537,-1.9484988,9.407609,5.8634295,-3.112274,-0.12966976,-10.101015,-4.2746105,0.9835317,-1.3404826,1.412191,2.8151042,-2.588298,6.402553,4.2199955,4.839174,-4.603543,4.542541,2.343551,6.4986835,1.0905117,2.1311276,-1.2857304,-0.15569206,-11.214754,2.2537105,1.8801851,2.2767477,-3.4195197,6.770413,-4.475187,6.7675147,4.638342,-6.126762,3.5547535,6.797093,0.5689912,1.106118,-5.4529963,-4.588298,3.3093698,3.5016007,-3.5605812,-1.3483137
273,4.035844,5.2945123,-2.067163,-2.2735257,-0.5482799,-1.6586199,-3.0925493,5.062719,1.4077775,4.3135586,-1.4162753,0.9701589,-0.22837956,-3.8353498,-1.7414273,-1.1793109,-0.12889482,3.6668088,1.4356756,5.914187,-6.210162,-0.6088179,-0.6362051,-1.8315287,4.674799,4.8043,2.1880474,-4.5995116,-0.31738827,-1.0390407,-1.3835435,1.2887045,-2.6967735,2.72901,-3.5201797,-2.453678,-0.33141318,-7.128652,-3.0205545,0.67486405,1.0601709,-1.7775936,-0.17019407,0.65912724,-2.120701,1.4996614,-2.4234114,1.6465172,-3.1329784,-3.501436,-0.91207063,4.7980003,2.6743164,3.2585933,1.1326987,1.3743634,-1.830685,-1.0155772,1.7157665,-1.4840516,-2.5598164,2.0348964,0.55168605,3.5154903,-4.3986564,-2.169149,-2.6065793,0.64516914,2.3362403,0.79614335,-0.6422712,-0.36038792,3.8908615,-6.4904647,5.230973,1.0560781,-0.14207596,1.5930628,-1.4107809,2.4956331,-0.12783511,4.0866833,-2.2437809,1.7951397,2.2349095,-1.4760487,4.0172286,4.0850167,-1.8390713,-1.9977015,-5.8933773,-0.58793026,1.5143175,0.14011599,0.759479,1.105434,-1.2020626,3.8524785,5.2044277,4.145559,-3.4709902,0.7163272,1.1755018,2.4265058,0.02581238,3.791541,-1.7156978,0.08406846,-8.088007,0.8180672,-0.8921019,0.44494566,0.99022543,3.033314,-5.0085087,3.4603713,1.6995585,-5.156364,3.089932,4.3122377,1.5146497,-0.4852632,-2.7652173,-1.0615534,5.327598,2.6359596,-1.2183448,-0.21693124
274,3.4140892,5.340646,-0.40659538,-0.07065936,1.4262705,-3.421935,-3.2263334,7.534288,3.3121197,4.5342374,-0.5164073,1.2296479,-2.6575816,-4.1561313,-0.812177,-2.1616597,0.18345787,0.5163556,1.0174668,0.8341466,-6.2480154,-4.022907,-1.205069,3.134698,0.880706,3.167904,-0.9519895,-5.3458076,2.0533116,-0.816177,-4.0106416,0.30729732,-1.9060957,2.4047277,-1.377347,-1.5955497,-3.044069,-8.026958,-3.84784,0.51091725,3.029514,-1.7866025,-0.4419435,0.7665826,-0.0707411,2.4690425,-4.107754,3.5108387,-1.7001808,-1.4969931,-2.5075636,3.031363,2.5407093,3.526782,0.549718,1.6582751,0.55767304,0.5988817,-0.10627478,-0.63916415,-2.123361,1.3001724,3.002238,1.7184016,-3.2859244,-1.5973572,-0.8745184,0.65973586,2.5397587,-1.4341946,0.082779855,-1.2633139,-0.23585145,-4.5663285,2.6407044,1.038232,-0.578362,1.4820058,-2.205048,3.2676022,-1.4191875,4.8483367,-1.6512665,2.7718875,3.5199323,-2.2847028,6.2371426,5.237668,-0.4146457,-2.9821622,-3.9115946,0.07014412,2.5210304,-1.4337083,1.350635,-1.3355205,0.5327508,5.666244,4.488163,3.411722,-1.147107,1.3722332,3.039279,-0.892513,-0.7319403,3.8776665,0.14587024,0.88246477,-9.213427,-0.6078469,0.77460563,2.8240771,-0.06964715,3.2257195,-2.448478,2.2862873,3.9108872,-4.815212,2.7809052,3.9660423,2.2396767,1.1079419,-3.3918903,-1.2828525,2.761945,1.9696175,-2.8061562,-1.7248898
275,3.236947,1.7884245,-1.831489,-4.821531,-0.20547414,-6.023492,-4.916269,8.384532,3.4692569,4.358048,-0.22947308,2.5947893,4.139551,-7.09615,-1.8273033,-5.3098836,0.41084984,7.05116,-0.94237363,1.31259,-5.5111947,-2.2780159,-3.9187462,4.8870196,0.7292494,5.113327,-0.30281693,-7.46821,-0.24680613,-2.8136556,-7.1043806,1.3825305,0.13071549,3.905406,-4.7982793,-1.9336188,-0.86197114,-3.5544913,-2.1926851,0.24791776,3.832653,-0.80155885,-1.0224736,2.002565,1.7147465,3.7072084,-3.1111465,3.9653,-1.602244,-1.9359058,-4.351651,5.4970336,5.75899,-1.1674608,1.05792,1.423835,0.3532099,-3.275371,-1.357083,-2.3331342,-3.1249678,0.98060256,2.2913413,2.6501687,-3.9727526,-2.9957216,-0.087823465,2.0557358,1.5801622,-4.1973634,-1.3393817,-0.16314505,4.478648,-6.5580664,3.8544838,1.8911033,-1.2675908,1.8833798,-0.87603146,0.9031487,-3.5176997,1.0051657,-5.9109316,2.262808,3.6020362,-2.9774725,5.638876,2.6739054,-4.050518,-2.5265377,-5.5869784,-1.7503326,-2.4897728,-1.0199097,-0.7605794,4.5877476,-3.0272245,4.5350323,3.9390059,4.0716,-5.8424544,0.40200287,1.0649532,5.231635,2.750658,2.6139765,-2.6834886,1.2944405,-7.942303,1.1327952,-1.2483585,0.88991934,-1.6091737,3.9894989,-4.721597,4.30583,4.010885,-2.8465238,-0.045946166,3.1669023,1.5984868,1.1735852,-2.0913806,-2.7704122,2.3624818,2.5940533,-3.1233716,-2.8761182
276,3.590014,2.9433227,-1.3264409,-1.1685939,0.8733575,-2.6586242,-3.9672227,3.182557,1.9545444,2.675134,-1.6893526,1.8939034,1.1996075,-3.9381897,-2.52154,-2.9243565,0.17132083,2.73141,0.6242306,1.0944709,-3.4451647,-1.832098,-2.665754,1.5253156,1.7747413,3.6942904,-2.0462236,-5.0067616,-0.95280004,-3.4351063,-4.3399734,0.0051471926,-1.3697151,4.394082,-1.2889675,1.6862013,-2.027405,-6.5902557,-1.8202994,-1.0331697,2.825365,1.401849,-1.7178894,0.2509501,0.32940617,6.392479,-2.4359658,2.9877243,-2.7890472,-2.8502746,-3.9695494,3.0540707,3.5596654,-0.2670738,0.48273522,2.2925715,2.1042511,-3.861767,0.81661344,-0.47522992,-4.1026306,0.1780662,2.536053,3.7469866,-2.8524566,-0.09272875,0.7099739,2.3751163,2.5928938,-1.9607828,-1.0136935,-3.5595732,1.4217799,-3.1010914,2.3625486,-0.042120174,-0.050668735,1.0399048,-1.7943243,0.15477097,-2.974156,1.9701872,-1.6164258,2.1204627,3.18897,-0.5369591,3.886208,3.2675822,-1.6581471,-4.591656,-4.183614,-0.2424091,-0.5516555,1.4064604,-0.35550427,0.2270506,-0.45257485,2.8500443,5.508559,1.6104474,-3.084475,-0.1981051,2.2019563,0.6696553,2.23765,2.962941,-1.5368588,2.262088,-6.1332536,-0.05499429,-1.252796,1.6022252,3.171058,2.5049732,-1.2718685,2.2574637,2.8945973,-2.7843568,1.7354702,1.5217323,1.6753289,-0.7678222,-2.1805086,-1.4661287,1.9622796,2.3267388,-0.25617778,-1.887208
277,3.4018276,3.4562068,-1.1059694,0.79731476,0.7809256,-2.4964652,-0.97540396,1.7126548,2.4236374,1.9389557,-1.2973788,1.3204062,-0.24613316,-5.10915,-3.3126926,-2.2823377,-1.7488544,3.1243222,1.4488729,5.225179,-5.055286,-1.3122277,0.012001567,-0.00068106875,3.1429856,4.6018434,1.1541668,-4.4467235,-2.4990695,-0.9277752,-1.8502127,2.6087031,-0.79147166,3.382361,-2.4761045,0.3047119,-0.13136943,-7.6624937,-3.3088946,0.4683298,1.0110798,-0.49231547,-0.24978818,-4.031836,-1.5178852,5.481211,-2.8492167,0.15307495,-4.8383107,-3.420819,-2.7066517,3.3558052,3.7031221,1.8322647,-0.5669953,-0.09801013,-0.7462778,-4.093131,1.0942664,1.3744153,-2.8647487,3.98867,1.1058964,3.7208695,-3.101123,-1.0062821,0.6171678,1.0905308,2.6080163,-0.20344666,-0.5662736,-0.64773273,3.5391152,-4.6488786,2.0611448,-0.5413646,-0.90398026,-0.16547662,-0.86103535,1.7316557,-3.0465043,3.492633,-3.0924058,0.6058079,3.4785776,-2.3226519,3.8203733,3.629465,-2.445903,-1.3194016,-4.8088713,-1.027795,-0.16855913,1.5904318,0.8683536,1.5566428,-2.5275674,2.8329895,4.8421865,2.7537189,-2.3183174,2.4662063,0.988722,1.2741503,1.3353765,2.9866064,-0.5127314,0.22327217,-9.787442,0.7487084,-0.9717126,-1.6509857,2.9715598,2.0954223,-2.3594465,5.3083634,0.6481337,-4.737324,2.2485363,2.4457061,1.4793695,-1.3965502,-1.9145769,-2.105387,3.184657,1.6180412,-0.9042755,-2.008729
278,3.7164247,4.745674,-3.7874556,-1.1082948,-0.61419773,-7.8082957,-4.5098333,7.4659977,4.4140415,7.921648,2.332429,4.384666,0.43680987,-7.4640517,-0.3348446,0.043750837,-1.8219209,8.684266,1.0164171,4.377758,-7.0066886,-3.3766208,1.1832209,2.667347,4.1476727,7.951524,3.120917,-8.531811,-1.8024858,0.31114447,-4.911562,2.643711,2.5362413,4.5942936,-4.660525,-4.0422163,-0.19288133,-9.538023,-4.192378,1.9202826,2.5082908,-1.4830315,0.8074453,3.2425408,2.258809,4.124648,-2.3603058,-0.17321207,-1.9439453,-5.3701663,-5.2317886,8.152062,7.5906396,3.7221744,-0.30841348,-3.5554764,-2.6969914,-5.081587,-2.993535,-2.9340262,-1.0138279,3.0305135,5.943475,2.5585818,-6.4713497,-5.3781853,-0.49089378,0.6271377,-0.06895063,-2.878244,0.35798657,4.1124735,6.43286,-7.255369,3.132114,0.84973854,-3.6097672,-0.24300836,2.5421553,4.070446,-2.3134396,4.889115,-3.7450051,3.1597323,7.8911743,-4.6282763,7.5805893,2.9108226,-1.741657,-1.7050076,-10.531473,-4.4413214,-0.02212862,-2.2112093,1.2670962,1.4274836,-3.1566596,5.332636,3.7303498,4.5664806,-4.9861894,1.7823787,2.2534232,4.841594,1.7103019,4.263936,-0.85947394,2.8856394,-8.400283,0.33602232,1.2179232,1.4632627,-0.98452884,4.3559794,-2.6136684,2.3721483,5.6645064,-3.8586624,-0.6138474,5.4635277,1.6895022,1.5629663,-3.9467795,-5.751727,2.5369961,3.9030435,-5.7072306,-0.5767909
279,1.7464077,0.5571726,-2.2242665,1.2595711,5.0602036,-5.626078,-0.8918076,5.769786,1.6652256,2.5361247,-1.2347016,1.2821784,-3.409912,-8.164977,-3.801106,-5.639203,-0.64674306,2.0314028,6.222203,2.3512018,-6.9170117,-5.8819485,0.1671367,5.5960274,5.7352715,6.008048,1.8926153,-7.0842066,-2.2708788,1.6529559,-8.199104,3.194223,-1.7754159,4.7272077,-3.6269176,-3.6660886,-0.2088626,-9.585157,-3.1715975,3.4051008,-0.21683799,-3.9364338,-0.2038478,-3.3136828,1.0475955,1.232,-7.050824,3.587686,-6.2426696,-8.296391,-3.3191893,2.9385414,1.8571485,0.9051832,2.1819224,3.2071748,-1.1160794,-3.294029,-1.9585881,-0.3561743,-5.100205,4.103779,1.3460916,2.8927648,-3.6665878,-3.679701,1.1338636,-1.739957,1.1371313,-4.087075,-4.2967634,0.8052054,3.7207603,-6.704136,1.6723478,-0.49683213,-2.2750838,0.32159942,-4.0198674,4.689872,-4.1347857,6.108399,-4.5433936,1.9640882,6.8818173,-5.8487654,6.275358,6.636237,-4.734346,-1.2405894,-4.8001385,-2.0956724,5.2723727,-0.3408052,0.98994243,1.2831595,-5.3488436,6.039489,4.0712733,2.4983134,-2.101643,3.26256,4.1855965,4.664203,0.6686113,6.1275353,-2.5338318,-6.5842533,-8.671492,3.0280635,0.13308671,0.37470934,1.5534686,1.8888364,-2.750544,2.9656456,3.38872,-4.782613,3.4534314,6.298197,1.1620482,0.95187414,-2.027867,-5.19618,6.628494,5.4240746,-1.6078328,-2.3624825
280,-1.4587243,-0.124845944,-0.9769831,0.8031428,2.455762,-9.760491,-1.249752,8.435814,3.7094615,4.7330403,-0.39237696,2.1324987,-2.049843,-6.971676,-3.7786899,-5.8222117,3.0505116,7.6673346,6.149954,6.7250137,-2.6622343,-7.3072033,-2.4647036,4.721102,6.8872814,8.8586035,-1.6639788,-7.621988,-3.5565584,-0.700427,-8.835542,4.8752036,-0.5139871,9.279516,-3.6300366,-2.301329,2.8773532,-6.393912,-0.82637674,1.1191398,0.72966594,-2.3102486,-0.603531,0.44452402,2.6188283,4.4497685,-7.370803,1.0699676,-5.7184515,-8.203865,-4.7624803,7.2256317,6.8776865,0.7486323,1.103726,0.5923841,-0.6736783,-7.792284,-6.2126026,-2.8391218,-0.77066463,3.196643,2.711605,2.1953282,-1.4737873,-9.058125,-0.7953016,-0.8852054,1.388268,-4.9573298,-7.906384,4.360966,10.977442,-9.257561,-0.5786127,-0.49147555,-3.3838937,-1.4434927,-3.5074651,3.3664758,-4.4228077,1.9461933,-5.691365,0.8059818,6.3345003,-5.337416,8.960143,7.8222327,-5.0015836,1.6607606,-7.9911475,-4.740528,2.989973,2.9855583,2.7091224,6.110936,-5.918101,2.9039989,1.0479404,4.229786,-5.475379,1.9925994,5.5303855,9.294726,5.8559523,3.3025825,-3.7599924,-5.739615,-8.5777445,2.509108,3.3739407,2.2507358,0.13477406,6.004903,-4.82209,4.455934,6.495095,-6.4518113,2.1381192,5.992498,-3.1509995,-2.78814,-0.94874775,-9.044466,5.714286,4.3707833,-1.815746,-2.4242558
281,5.5387983,4.612536,-4.972973,-0.34715182,-0.88620436,-3.0213656,-2.0334995,4.9747763,4.6350555,7.9389586,3.5282733,2.6937623,2.0376458,-7.348537,0.12729126,0.42089713,-5.147122,5.6137524,1.2017425,5.8814616,-6.600596,-1.5301801,0.3086717,5.116516,5.09472,10.605415,2.9020033,-9.880126,-0.9666145,2.5337753,-8.240366,3.964349,1.4933679,1.3101971,-5.677477,-3.1349206,0.62026715,-10.463152,-2.620374,3.7777808,2.742044,-2.0047152,-0.61144346,-1.0424573,-0.5775853,5.213031,-3.502993,-0.7396813,-5.584883,-6.4619718,-3.8158731,3.501814,4.823382,2.9496753,0.92005765,-0.51693106,-3.9829583,-4.8619437,-1.7964618,-2.817718,-6.1796904,7.408791,1.8340788,3.148675,-8.88202,-3.5703623,0.3257054,1.3297065,0.67081946,-2.9242418,1.2979366,6.0757537,7.5455704,-7.510049,2.7276728,-1.8041689,-3.4753985,-1.355007,1.3572184,6.7375355,-1.7879788,5.476723,-5.6111774,2.7173488,5.6870747,-3.955259,8.540328,4.365713,-2.9203236,-2.5965643,-11.611581,-1.0751442,3.4264433,-1.7488031,2.205348,3.3436532,-6.9805984,4.293587,6.390984,5.633515,-4.711114,5.3743906,2.3164,6.647591,3.572106,6.9275866,0.28886235,-0.57015926,-13.313965,4.169482,-1.421136,0.36126396,-1.6841841,2.7752476,-2.6703665,5.596111,4.468887,-7.4318743,3.6758652,7.3272395,3.7238164,1.4851347,-2.9684036,-3.8039973,5.2783904,4.2482,-5.5474024,-1.581887
282,3.9669957,3.6733408,-0.3429308,0.6365229,0.47186035,-3.7786362,-3.6994638,4.008612,1.3090575,3.1773672,-1.8072493,2.096715,0.5530681,-5.5933313,-1.3916471,-2.2359285,-0.56357706,1.7641491,1.0381866,1.5665474,-5.510302,-0.90455437,-1.635303,4.3262734,2.494888,2.6770134,-0.10173662,-5.5784616,-0.21507463,-4.471933,-4.9480367,3.1975687,0.14999564,3.636109,-3.6142263,1.754904,-1.9364038,-5.4283414,-2.1224687,-1.1335555,4.527179,-1.2150121,-0.28821093,-2.9482422,-0.08514312,4.3951173,-1.4635469,3.1281788,-4.001531,-2.4911008,-3.858346,2.0209699,4.5768614,-0.7680365,0.8717255,1.9158528,-0.3801357,-4.448296,-0.92987543,0.53839415,-2.163084,1.9553938,3.1889083,5.2761316,-3.965176,-0.14886832,2.496515,3.7317557,3.809808,0.1613469,0.336017,-1.563683,1.9638125,-5.376783,2.8831573,0.6592442,-1.4490525,1.0737731,-3.6372879,2.3294933,-4.4919777,3.1248858,-4.907054,4.075121,2.954886,-3.3823457,4.4497843,2.3286912,-4.8502727,-0.696892,-3.2651858,-0.8152371,-1.1567785,1.1611028,2.5591018,1.32886,-3.2616382,4.766441,3.3358743,1.9184132,-3.0472379,2.7244513,2.6937475,1.9411545,1.2053373,4.722491,-0.98792803,2.41113,-8.186734,0.7185481,-1.9989444,1.4692919,1.705126,2.756586,-2.3102984,2.8333416,4.0438046,-4.849536,2.4383323,2.267481,1.234436,-2.493885,-1.1431435,-4.732482,2.8035433,2.6426287,-1.8720263,-1.6658545
283,5.315341,3.6962094,1.6926016,3.8276784,1.7334703,-4.5596566,-1.8962284,6.5328956,-0.24528694,5.0231333,-4.0314894,1.96806,-4.391429,-7.996413,-1.2311666,-3.450712,-0.15203871,2.2950583,4.633472,6.777928,-6.908521,-4.505212,-1.426759,3.977889,7.257666,6.5995307,2.0638502,-5.5531483,-0.017865472,-1.3859257,-4.486546,4.9458656,-3.0409255,6.451764,-7.068527,0.22720256,-0.57900894,-7.5712314,-2.1195543,3.559491,1.6974274,-3.0016844,1.3014281,-4.9638414,-2.5479228,3.1538274,-5.178578,2.3030634,-7.7004824,-6.3179226,-3.0797706,3.632071,5.755226,3.0841987,-1.356002,1.8235201,-3.530193,-6.9713626,1.4221498,-0.82397085,-1.4359848,4.9721203,0.6132151,4.4932737,-4.811358,-2.8308372,3.847151,4.1392374,2.0326838,0.15177038,-3.170148,1.7740363,5.3301105,-5.994124,1.0638937,-0.13975129,-4.7215834,-2.257409,-5.527763,6.012774,-3.1157196,4.391135,-6.8360653,5.4580474,6.708872,-6.9356666,7.1518383,6.0302243,-6.2959604,-0.6589836,-4.4072866,-0.9227727,4.089029,-0.29842794,6.5858264,2.2862492,-4.0759163,4.1840677,2.35144,2.664734,-2.29525,4.918619,4.6316648,4.3845596,2.7346954,5.272882,-2.7340515,-4.2380633,-10.804787,1.792728,0.48440102,1.2913032,1.4669232,4.428515,-5.352261,1.9944942,5.440481,-7.8343883,3.0231001,3.608037,-1.0348632,-5.1430726,-2.8750334,-6.45025,6.0778255,4.9832387,-1.4735074,-4.516162
284,3.927727,5.7127028,-2.3149643,1.2560849,-1.0895025,-3.2905033,-1.9990131,3.9276607,1.8848842,4.3259335,-1.54373,1.1897861,1.0427158,-2.9829054,-2.258362,-0.5379722,0.042288236,4.990611,2.052894,7.3489676,-3.271113,0.6195674,-0.43801698,-3.598273,3.749749,8.010611,0.20798099,-3.402707,-1.110073,-1.1502684,-2.0680132,1.3328251,-3.7332308,3.0691042,-3.2566803,-2.5114436,-2.1650574,-8.693326,-3.8886187,-0.6854846,-0.38855565,0.2262804,-1.3947463,-1.0643449,0.4333391,4.759104,-2.284781,1.0572575,-3.310463,-2.6513171,-1.6940506,5.5497766,3.5962632,4.579931,0.58806115,3.3671885,0.6592479,-1.3084486,1.5129365,-2.3784466,-2.3180094,2.830238,0.12141435,2.1536064,-6.4247127,-0.2751292,-2.799987,0.69657034,2.1512907,0.21162553,-2.3174312,0.45328042,3.5721192,-5.204714,4.512838,1.2158635,0.42014998,-1.0523932,-2.1776254,3.4846687,0.44921023,3.2850878,-2.1512215,-0.9131604,2.9786775,-3.066908,4.490716,5.0090404,-1.7894669,-4.009717,-5.76628,0.52073777,2.6504536,1.5790724,0.7680106,0.42977095,-1.2191882,0.006602483,5.894334,5.925794,0.36122373,0.8336223,4.362369,2.9545755,1.1696,1.6249475,-0.40042368,1.6671008,-6.535178,-0.91194385,1.0994697,-0.29928923,1.7346988,3.5348718,-4.1452785,5.13106,0.8029929,-8.892731,1.4576741,6.421851,2.1503093,-0.8512927,-3.5052457,-0.66236246,4.344288,1.0898539,-1.6509103,-0.19966681
285,2.5774553,3.7430322,-2.4469428,0.35198066,-1.3099514,-4.6137934,-3.2389069,3.063373,0.7274252,4.085706,0.15132855,1.191835,2.9279218,-3.5768878,-0.8697875,-1.750734,0.02770391,4.7872934,1.0951297,3.7093463,-1.1358495,0.4779822,-0.16726513,-0.98062325,0.5923816,7.1421747,-2.5994759,-5.6087255,-0.26049557,-2.506009,-4.8780274,-0.088536695,-2.668027,4.843296,-3.048666,-0.7565154,-0.8582699,-6.7515492,-2.4455225,-1.8807901,0.049471088,1.5659876,-0.67487276,0.51339555,1.2050121,5.4608316,-0.89238197,1.8191506,-1.6104481,-1.811585,-2.9154863,4.858784,3.8778987,1.7204359,0.680993,2.5329487,1.7251755,-2.8970761,0.55284303,-3.0346246,-0.7662212,1.8664682,0.97728777,2.9331725,-4.8360577,0.17797881,-0.5647731,1.2363741,2.2070887,-2.4081054,-0.891617,-1.4930753,2.2923574,-2.8265624,1.9096084,1.9983081,1.4111481,-1.531419,-1.621205,3.1672888,-1.1171128,3.7180986,-2.4024704,-0.5381518,2.8561037,-2.3636985,4.711162,1.471752,-2.1364775,-5.135534,-4.1719604,2.4555972,0.8179832,2.3672874,0.2468897,1.0575213,-0.83240134,1.6315619,5.9080315,3.4486275,-0.6188126,-1.4697558,2.5802858,1.2607257,3.0687747,3.4767637,0.04103797,2.840699,-5.6056657,-1.5793148,0.025874931,0.562019,2.4002542,2.9989057,-1.8324498,2.4402254,2.0025313,-5.2070475,1.2724969,3.4123948,2.876352,2.743589,-2.762732,0.38615775,1.3080239,1.3241994,-2.901747,-0.9792111
286,2.9169135,3.435305,-1.4211484,0.9143573,-1.4195771,-4.455087,-2.3229516,3.8490994,0.5277001,3.7493134,-1.0106636,2.7687907,1.9074792,-5.0783324,-0.77430034,-2.3170075,-2.3892412,3.5477436,1.010443,3.4377782,-3.5432713,1.0496193,-0.679366,1.476598,0.75677735,4.5094647,-2.319405,-3.8343992,-1.2736559,-3.11951,-4.575185,0.56853193,-2.4014537,3.4056354,-3.8251605,1.0555277,0.22609827,-6.146738,-1.3142881,-1.3194077,1.085148,2.6330342,-0.42081147,-0.63302284,-0.03651282,4.092756,-2.3010852,3.0891962,-2.359721,-2.245769,-2.7749004,3.8780162,5.4315767,-0.19587174,1.2619846,2.1068704,1.1345456,-3.8583336,-0.33100677,-1.3717005,-0.9252764,3.0727732,-0.15187536,3.4403703,-3.9757433,0.41863382,0.69216037,1.9692278,1.4370558,-3.68809,-0.67256945,-1.1263906,2.9230902,-2.9367483,1.4792342,2.2780397,-0.12739089,-1.7199298,-2.7858295,2.955978,-1.8306099,3.6781638,-4.3408084,2.7076404,3.6076329,-1.5416313,5.483842,1.1170747,-1.8070273,-3.3084016,-3.4775198,1.4509667,-0.4493245,0.9648901,2.0076585,2.8123264,-2.0386546,2.7919173,4.106605,2.9858487,-2.4669719,0.66708183,1.4944574,2.1174726,2.2044518,3.2632716,-0.7028395,2.2528374,-7.2073374,-1.8746403,0.00043810904,0.11496404,0.9836554,4.048733,-2.3082747,2.521869,3.2238698,-5.411945,2.1760602,3.2122064,3.598216,1.501348,-1.7206341,-1.0875614,1.1451956,2.0067248,-2.5735865,-2.3280284
287,4.743217,10.137433,-0.602854,0.72524375,3.0561454,-8.350967,-3.6842678,7.0576777,1.1082172,7.0099006,-1.2152929,-1.6645597,-0.38456148,-5.564887,-2.8983893,-3.4716027,2.114178,6.895867,6.3391314,7.448429,-5.519673,-1.302997,-2.8178663,-4.528554,5.4417925,11.629265,-2.8487387,-4.7061014,4.214525,-4.3734226,-7.752264,1.6146196,-4.2960687,9.753707,-1.2221316,0.8905262,-3.0319202,-11.763883,-6.0343127,-1.5820453,-0.12928587,2.2813437,1.6855747,1.1877489,5.543024,6.940124,-3.6378064,5.6080494,-2.1253061,-1.2117903,-5.151,10.11837,4.8650427,4.9007797,1.817893,5.8988514,2.5301836,-0.70481837,1.1012051,-4.8073134,1.3835481,1.5199805,1.6533766,6.2669888,-3.7398627,-2.4852335,-3.8924975,0.006676036,5.395879,-0.23059821,-3.2748997,-3.630933,3.0722246,-7.6263747,2.610411,2.0879269,3.2565122,1.7769915,-5.4780426,3.0755446,-0.27614102,3.0082448,1.7035853,0.537384,3.8854718,-5.2322574,4.090333,3.5861735,-3.1078053,-6.068617,-6.5993586,-0.5625453,4.8232126,4.119729,-2.7342308,0.19032936,0.8322132,3.063074,7.770414,5.822659,0.3454406,-4.7571006,6.1398997,1.4492615,5.0936894,5.8890305,-0.35586518,1.7549143,-6.372165,-2.2204041,2.4260268,3.0545533,5.7424726,6.7292957,-4.561072,4.1821423,3.1305485,-9.243186,0.4611096,6.0059433,0.31399962,-2.4644608,-3.741942,-3.2244792,4.567362,2.1585624,-2.5325625,0.29402587
288,2.427579,4.964973,-0.0154214315,0.011030082,2.1545646,-3.3272636,-2.3633657,5.271062,1.7558038,3.749027,-2.2487555,0.48799065,-3.7960496,-4.3746414,-3.5588257,-2.411567,1.7205659,1.3127888,2.4581819,1.3183709,-5.832494,-3.4628837,-3.087339,1.9705489,1.7005483,3.207471,0.41517463,-4.3730297,1.8604447,-2.8742774,-3.4046717,1.1303797,-2.210038,5.6408157,-0.6844548,1.9007133,-2.3954637,-6.4770384,-3.653397,-0.80819964,3.90829,-0.7363364,-1.3939952,-1.1893601,0.13464703,4.19725,-4.21969,4.274177,-3.1201212,-2.9023387,-3.613204,2.0610054,4.2364955,3.651776,0.053360604,3.0907474,1.0811374,-1.7549301,0.51930046,0.22475033,-2.075974,0.7939937,2.3118038,4.890047,-3.0066502,-0.7499667,-0.2943172,1.9220117,3.9788246,0.041513007,-1.5024557,-4.108961,0.49531314,-6.0610266,2.7503693,1.0993009,-1.0550889,1.5655622,-3.7718656,1.6650659,-2.4701905,3.402549,-1.1195756,4.083751,2.4745545,-2.0043902,5.624476,3.9114423,-2.6734781,-2.0427501,-3.6794536,-1.8029474,2.5616279,1.0911679,2.1471756,-1.2993569,0.7940638,5.1284447,5.605368,1.6981684,-2.8214808,0.8404671,4.653346,-0.6541441,0.06441035,3.5021782,-1.7795777,0.36447227,-7.3872337,0.5469137,0.5994171,2.6589746,3.6363134,4.682903,-2.4838846,2.0804384,3.4723725,-5.5154138,2.458003,2.167101,1.6809708,-2.2933588,-3.5705717,-3.243455,3.767776,2.8808968,-1.1690096,-2.7194257
289,1.6940012,4.6233,0.687293,-0.80929476,0.61004746,-2.8157187,-2.7089443,4.9590583,1.5864631,4.4903536,0.32320037,0.4983978,-0.69869834,-3.499732,-2.6426682,-1.9611038,1.5832068,2.3635304,1.7102317,1.323036,-3.6566534,-3.3551571,-1.2175127,1.5484818,1.987436,1.0459889,-1.5963558,-2.516127,1.3556806,-1.6007243,-3.0351014,1.3357865,-2.8115978,3.6883385,-1.068714,-0.43023062,-1.7398515,-7.456939,-1.4311771,-2.399498,1.2137305,-0.9914716,-1.3346003,-0.6906237,-0.0033336952,4.058659,-4.448751,1.389149,-2.7213933,-2.1417444,-1.8614106,1.6890503,2.6361232,1.1210891,1.1687427,2.1464336,1.1380907,-1.2575889,0.5368039,0.2072925,-1.119973,-0.087490335,1.7523667,1.757805,-2.1849995,-1.9218669,-1.5576361,0.7351856,4.397069,-1.4048533,-0.3719228,-1.0723014,0.8232376,-4.5024757,3.2131388,1.3836546,-0.13130143,1.0365045,-2.0330002,1.4706236,-0.9463415,3.6910217,-2.0928357,3.0457165,2.3642888,-1.0647551,4.2535787,4.26052,-0.23461078,-2.7539318,-3.966097,-0.6818491,0.5182275,1.0394739,0.6633598,-0.8421186,-0.15780357,1.6291218,4.3445234,4.1635957,-2.630127,-0.5410008,2.5823975,0.05064564,0.75508815,2.7144964,-1.1669062,1.3058857,-7.641192,-0.59952605,0.7263903,2.0813367,2.0873675,2.019561,-1.5978988,1.6506454,3.1838186,-4.22879,3.77195,2.6781425,1.0174924,-1.051437,-2.4462056,-1.5563893,3.3741114,0.797494,-0.033644564,-1.0474579
290,2.4680953,3.6868274,-3.2910824,0.4452907,3.5840468,-6.3549023,-3.929136,4.8276114,2.7773757,2.551184,-2.5388694,-0.021184575,0.29781085,-3.231847,-4.3595114,-4.3681197,2.7423542,3.6525903,3.7136235,4.0007114,-3.3895216,-2.0853665,-3.4892035,-0.28358248,2.3077383,7.5370245,-2.376726,-7.8043923,1.122141,-3.9765859,-6.038276,1.9544244,-2.3238451,5.9876103,-1.0405018,-0.22574973,-2.7251823,-6.848221,-5.3861217,-1.8084052,1.1607937,-0.92574716,-0.47181323,0.18303694,2.0263793,6.0137053,-2.9030132,3.4820523,-2.3133078,-1.419537,-3.6712823,4.559886,2.8661807,2.730998,0.7961968,3.5964642,3.0982494,-1.9070531,-0.9104104,-2.2254813,-4.1343946,0.29244903,3.1941457,3.0744815,-3.4818916,-1.0537659,-2.5729032,-0.2361458,4.046892,0.2906841,-3.2282481,-1.433417,2.7051642,-6.37549,2.8146248,-0.06757955,2.688489,0.5628238,-4.5964813,1.5225233,-2.7937505,1.9595064,-1.1663346,-3.7620509,2.531168,-3.3484843,4.608477,5.6456065,-4.9730372,-3.8786848,-4.1646476,0.22915144,2.248511,3.4171305,-1.8043609,-0.045552347,-2.515813,1.6230365,6.6418457,2.7560818,0.22286463,-0.1638786,6.409164,1.4119775,2.7517042,2.3665214,-1.4387252,0.87378263,-5.6343436,0.05150359,0.3223374,-0.8003582,3.4497035,3.324207,-1.7158139,4.723667,1.5404451,-6.3657265,0.606691,5.1493626,-0.089682646,-1.7902153,-2.740224,-2.239487,3.8877027,0.88916534,-1.9741663,0.17513277
291,2.5261173,3.037321,0.27798298,3.3101745,4.163248,-9.360019,-2.6483328,4.957747,0.7934445,5.371143,1.4787519,3.211552,2.3463023,-7.9657545,-0.58233255,-4.1697087,0.9724092,2.6165266,5.090286,1.5277894,-2.840539,-3.3484843,-1.7554828,6.219276,4.748553,9.979544,-1.9845164,-11.001269,-1.2482402,-2.5326066,-9.63924,4.368525,-0.85136616,8.882974,-4.664902,2.211715,-2.51858,-7.397221,-5.1843433,0.04028391,1.5681106,-3.731357,2.0331304,-1.6558359,1.8198864,6.961007,-3.3707561,1.3701723,-4.696342,-4.980794,-6.52646,5.5722795,5.5335383,0.15978163,-2.471452,-0.124121025,0.46843812,-6.946914,1.6028739,-2.098038,-1.5484152,0.7829177,3.9853175,3.4594877,-5.2381673,-1.9908216,2.3777971,1.661755,5.6387024,-2.5596406,-3.9869013,0.42087626,5.691582,-3.2755947,-0.12227894,-0.93943155,-0.83566177,-1.7889495,-3.811146,6.67167,-2.917051,6.873755,-6.4923306,-0.28038925,7.040218,-8.036878,5.3873,5.3363667,-6.2945833,-5.291049,-5.4245663,3.0149667,0.36462444,3.0459585,3.126344,0.8283428,-5.5366273,2.8895917,4.6624036,3.510137,-0.16890864,-1.350953,5.650721,1.0447719,4.590378,7.7473397,0.873119,-1.0056424,-9.10881,-0.3983152,0.20278303,0.64763397,4.970262,2.4151983,0.08697185,-1.9118696,6.1077003,-6.186054,0.74657977,4.312146,1.6196092,-0.4259104,-0.12649089,-5.30857,3.431192,1.246956,-4.41606,-4.2512355
292,3.9869769,1.9913557,-2.8899906,-2.2201355,-1.5898081,-1.4917673,-3.6106842,7.6784763,3.4993427,8.163771,0.13361385,1.5595138,-0.90753686,-4.588904,-4.286217,1.2018437,-0.83056444,7.326795,-2.0380428,4.498676,-4.0196724,-4.364882,-1.959079,0.03189861,5.052911,6.1165066,3.7333562,-6.6278334,-1.8277386,0.6456861,-4.119219,2.6497808,1.3356594,3.8912191,-4.8389664,-4.729736,-0.8177366,-10.359052,-0.30782193,1.04431,2.5825505,-1.9278083,-2.7563164,3.4360433,-0.6701402,4.676949,-2.939329,0.65479773,-6.0292883,-7.120972,-2.7993186,4.600735,5.6100883,3.6443326,0.88004106,0.4985552,-1.311928,-5.208276,-2.4374843,-3.7857797,-2.7476232,3.0674481,2.3264117,3.8005853,-5.8190107,-3.2599995,-0.97084516,0.8864984,0.031757984,-2.3037565,-0.18894768,2.2004347,3.954933,-12.018903,4.6879826,0.3300509,-3.1453528,0.43536076,1.2455934,2.8130624,-4.8934474,1.3914422,-3.3263907,3.6286879,3.968617,-1.7267627,5.4684815,3.366357,-2.7726693,0.1332731,-11.628014,-4.8378587,2.368842,-0.72903866,2.0822399,1.5789359,-4.636028,3.1831555,5.9961653,2.9469664,-4.8510346,3.796057,2.1542883,5.7000117,0.24558318,3.2313466,-3.5024006,0.6840659,-9.5018835,4.3763885,-1.4218798,-0.051426776,-1.2590405,3.604974,-2.4718087,5.0819416,5.655305,-6.076648,2.9288402,3.6141796,1.6486996,-1.4145846,-3.7019048,-4.3853025,5.61271,3.9872885,-1.9651515,0.07881521
293,6.014634,6.968967,-2.1105924,0.73499495,2.9424655,-5.624428,-1.9188224,8.005531,-0.45355764,5.662586,-3.7320335,-0.045187216,-4.5675898,-5.767559,-2.4653034,-2.7078376,1.6963533,0.46265438,2.459703,4.8853726,-6.895924,-4.1222205,-3.7389624,-1.8876432,5.609455,5.891237,1.2470143,-4.28104,1.557729,-0.6631402,-3.2541661,0.5860203,-5.5428824,6.0331993,-2.278878,-0.2592087,-2.979374,-9.730133,-5.5028286,2.33359,3.352626,0.32365203,1.2863764,0.29823208,-1.5192034,0.7216514,-5.5990276,3.9904754,-4.4165206,-5.441772,-2.0014884,4.458038,3.6761925,5.621781,0.57923067,4.509522,-0.8607108,-1.6129586,-0.1621149,-3.320178,-3.3764474,1.2573931,1.9579294,2.3671274,-4.436393,-1.9648991,-0.18067461,0.057282504,1.2017949,-0.52725714,-2.710672,-1.385344,2.1324139,-7.8252506,2.2165992,1.4252218,-1.2218301,-0.61013603,-4.0588326,3.7105114,-4.625877,3.2968516,-2.553246,5.6284513,5.4232416,-2.7403061,6.7880044,5.035513,-0.3960686,-2.1612778,-3.2583885,-2.3559515,4.633249,-0.7019102,3.370337,-2.629746,-1.552619,4.815765,4.7352033,3.8781896,-1.7237085,4.494122,3.6012754,1.9409436,-0.6353356,2.6810284,-4.0915813,-1.9837765,-6.4065194,0.8729784,1.1988853,2.3932276,1.1260954,5.8990355,-6.069452,2.2006657,6.1835303,-7.6168876,3.0270672,5.937944,0.7833176,-2.9858818,-4.7803164,-3.4335575,3.8677337,6.280062,-0.85513383,-1.0254563
294,5.025729,6.813682,-0.6201352,-2.8139293,4.015422,-2.8565023,-3.2219849,5.1696763,4.5877533,2.99131,-0.33107167,-0.94772494,-2.6363962,-5.523944,-3.0776927,-5.6948495,2.1425622,3.8759735,7.899557,4.504382,-6.1185083,-5.698512,-1.4907203,0.01481922,5.215981,5.8178573,-0.72060114,-6.0561204,2.712728,-2.1426644,-3.6749,1.2444812,-3.9272807,5.3076277,0.22443558,1.660175,0.18791622,-8.891585,-5.5620565,0.7845444,3.22016,-0.033407457,-0.64301807,-1.4544075,0.64235586,7.7480226,-6.7171955,1.0545238,-6.0564275,-5.6335683,-5.0225854,6.3844557,1.968571,2.584227,2.8926334,2.8070107,0.49006376,-2.9957633,1.1762348,2.0583315,-3.628013,1.0378089,1.9294101,3.084769,-0.9841017,-4.751871,-3.4884725,0.11670115,5.2885575,-0.42310953,-3.8738766,-1.277375,3.3289864,-4.163305,1.7468944,-2.3233821,0.9445672,2.2233417,-4.2318687,0.04305829,-0.50318193,2.8593588,0.35261142,4.517765,3.0109682,-0.79467946,7.731618,7.5329843,1.3190947,-4.4567976,-6.6101513,-3.146079,1.0190201,1.5310919,-0.7482147,0.15831956,0.4019047,4.637868,4.3032837,4.907191,-4.998396,-0.9863564,3.3104873,2.6874223,3.8544044,4.656901,0.23854446,-1.5263964,-11.877393,1.7952867,2.559589,1.6750413,6.196784,2.6830153,-6.0691047,5.59802,1.7445219,-6.2781215,4.271234,4.4993176,1.3972921,-1.612771,-4.9275546,-5.3329616,5.367016,3.3493161,-0.38181567,-3.3678823
295,1.4072524,5.4337797,1.667244,3.3305788,2.0699599,-7.606226,-0.106859334,3.7523677,0.007861145,5.1474047,0.98644155,1.0781299,-1.0916746,-4.517928,-3.1356502,-1.3547941,-0.018877488,4.139451,4.887504,3.0781507,-4.978592,0.33120677,-1.5707436,-0.91869336,5.356736,7.3861933,-0.93644583,-4.7965593,0.72809136,0.28613725,-5.577677,4.716601,-0.2998603,5.9101257,-3.0409591,-0.013025533,-2.8504505,-7.3987813,-3.5141613,-1.0753679,-0.42808497,-1.303052,1.978297,-1.5362849,3.607657,4.405685,-2.9763782,2.1258414,-1.136485,-1.4147134,-4.451887,6.862848,2.9861457,2.8700507,-2.1372526,1.4488888,-0.16967066,-2.472349,2.0455506,-3.48601,0.75671995,2.27059,0.9644779,4.306856,-4.269227,-2.6773872,-1.8470782,1.060957,5.2772226,-0.08690584,-3.5109942,-0.7755738,3.2940974,-5.986966,3.421967,1.5544046,0.7603651,0.9661057,-2.1510518,2.7306135,-0.7932236,3.425333,-0.9389868,-0.5211143,4.934712,-4.921476,1.0209144,2.8567176,-6.638203,-1.1300935,-4.5281634,-1.257422,2.9852376,3.3002753,0.092106014,2.8542147,-1.8240287,1.1973052,4.994906,3.654886,0.75097483,-2.3640645,4.800311,0.9302362,1.674969,4.0315685,-0.4951987,0.71857095,-4.229224,-1.7959472,0.21325602,0.68097925,3.7064948,4.985432,-2.0820851,2.1336157,1.7477978,-6.0726366,-0.21086982,4.7975087,-0.3777054,-1.9377613,-2.090265,-3.8602476,5.0057755,2.0382493,-2.8629057,1.1537954
296,2.301938,1.9652437,-1.982495,1.3121383,-0.1958226,-3.5725045,-1.6809865,1.9202521,0.8498902,1.2382908,-1.1687595,1.3923095,1.2969934,-3.6207898,-1.0910786,-1.6913203,-1.1049775,3.301369,2.6341836,3.6851723,-3.7544947,1.3444725,-1.3787067,0.7470486,1.7368847,6.6967297,0.29112485,-4.9184613,-1.7273796,-2.1629717,-3.626184,2.2963884,0.024894563,3.7978077,-2.9450853,1.0797724,-0.9662238,-4.832477,-3.2927608,0.07564992,1.2673769,-0.35345954,0.18251729,-2.8047557,1.4908539,4.629916,-0.0207574,0.85918367,-2.5099647,-2.264839,-3.3756967,3.9938185,3.3462088,2.3483057,-1.1445943,1.3029057,-0.24893652,-3.1276224,0.9251806,-2.0255642,-2.5613277,2.2769873,0.9788215,3.6682773,-4.427794,0.6061819,0.5553674,2.403077,2.416837,0.63170266,-1.8420762,-1.4494234,3.1326356,-2.974929,2.1435792,-0.0728222,-0.5827829,-0.20706244,-2.1022077,2.1829426,-1.8828058,3.3962092,-2.8750215,-0.8850004,3.0648835,-2.823372,2.0652175,2.8914661,-4.4967346,-3.1237278,-3.3597836,1.1875045,1.1560082,2.3679593,1.079017,1.0428522,-1.9705234,0.43584812,4.931629,2.604929,-0.20738283,1.1544077,3.2975826,0.78136855,1.527346,3.410854,-0.0921412,1.077961,-5.0014677,-0.56918234,0.37859192,-1.0499496,2.9329953,1.9152985,-1.1080351,2.9102182,0.72471535,-5.022462,-0.16469526,2.4739058,1.5980693,-0.6547177,-1.45512,-2.0700881,2.1473024,0.73349524,-2.0580418,-1.802639
297,2.7513144,2.288127,-2.1579268,-4.0422525,5.6228104,-7.8648376,-3.660803,10.809503,1.7653189,5.922238,-3.883839,2.091537,-5.9128785,-7.675756,-6.547581,-8.900114,2.095748,5.879456,5.6344,5.150578,-9.195934,-7.4283285,-2.743333,2.6364717,9.627988,7.555644,1.8386346,-11.249671,2.214219,-0.47896633,-5.869572,1.4767481,-5.4173093,9.884822,-5.592693,-3.8715253,-1.2783824,-7.757366,-1.3770157,2.7791872,2.8727217,-2.8802066,-1.3794453,7.3675556,1.4173956,2.6430366,-7.6694894,5.6205077,-4.3361816,-10.201677,-3.7385523,6.6658006,5.288498,4.5933943,0.53681767,4.69268,-1.4216983,-4.082049,-1.0187029,-5.3851366,-2.895659,-0.29848027,1.6594995,4.138108,-2.5067039,-6.5414114,-2.4331467,-2.2781367,-0.36634594,-4.662204,-5.8382206,0.18203181,7.4662323,-10.121851,2.4248416,-1.8931609,-1.3133775,0.21714059,-4.429198,3.452984,-3.8034406,4.134078,-2.741494,4.821525,8.283108,-4.2252398,11.39622,7.487303,-5.2891645,-2.9785104,-4.816542,-3.2502775,6.100387,-1.9829859,1.2170562,2.2775695,-2.9150105,6.71924,3.450686,3.820392,-6.226478,-3.1608725,4.5468574,6.5335474,1.9411396,5.974679,-6.8062077,-6.65155,-8.466766,3.1254005,1.9278084,2.0857208,0.19975835,7.83676,-5.088576,2.188167,6.469188,-2.0702064,2.6063466,5.5917697,-1.3667853,-0.6219691,-7.6931353,-5.772262,7.7595987,9.469964,-2.7117114,-2.6265767
298,3.401706,3.5852506,-1.4293499,0.84281904,3.2199283,-4.2012835,-3.164899,6.187767,1.4725353,3.525652,-1.0651093,1.5043707,-1.5182711,-5.4934373,-2.2956781,-0.569509,0.4131593,3.5128546,3.7769797,1.5939531,-7.516598,0.9395942,-0.8006614,1.154171,3.070954,5.2673554,2.2839313,-5.574183,0.34945616,-3.077399,-3.0152345,2.3905745,-2.548678,2.5863883,-3.457482,0.093639754,-2.0264893,-5.3847556,-4.04945,1.3050244,3.0749893,-1.3439572,1.0956279,1.0740335,0.26795354,1.9457048,-2.066653,3.3677871,-0.82686186,-3.6419237,-4.8508344,4.1208043,4.6166472,3.4884207,-0.8987483,0.47857538,0.58768564,-3.340238,0.49144843,-0.5182174,-3.065528,0.6532408,2.3642106,3.3299723,-5.23985,-0.13595821,-1.8045152,2.3112762,0.95182455,2.7001312,-2.3725436,-1.3354164,1.5938758,-2.943603,2.0845354,-0.5507939,-3.5345912,0.12554532,-2.7658477,3.6020935,-1.3539308,3.6211371,-3.2698739,1.7907845,4.641985,-4.8523498,3.1383083,3.883493,-3.9682493,-5.575929,-1.2675908,0.04660279,-0.6140987,-2.1382797,2.6518183,0.028218672,-1.7188388,4.4006515,4.2372117,1.2060343,-0.67661476,-0.9876386,4.659567,1.1170936,0.31023595,3.8492625,-2.4502418,0.084134385,-5.595009,0.20546937,-0.17485853,1.5562131,1.199352,5.940597,-3.8752975,1.2561746,2.059204,-4.114389,-0.093648426,3.9479756,1.491347,-2.2416446,-3.138969,-2.0281494,2.5974135,3.4918714,-2.1038048,0.24161305
299,4.8515754,5.587442,-3.224541,-0.21811488,-3.3437748,-6.9312286,-2.8408575,5.446006,2.5551782,8.424469,1.0820863,1.6861318,3.2811086,-5.5935745,1.7362189,-0.3367809,-4.164699,6.336235,-0.007957436,4.319194,-5.880154,-0.10708398,-0.8636095,-0.5420716,2.0243192,9.55034,-1.7714779,-5.231104,-0.9413512,-0.5420365,-4.8393235,1.0656363,-1.4537271,3.9851124,-5.220167,-1.9704809,-0.99913204,-8.422211,-4.75711,1.3827162,3.533628,2.8613782,0.8163527,1.8896885,2.0123782,5.9741883,-1.5699406,3.2690291,-1.9673003,-3.6776648,-5.3618226,6.97543,5.9631286,1.7753005,0.4274559,1.3455964,-1.0121201,-3.488668,-0.40966132,-5.0458803,-0.59529364,2.29813,1.6476084,3.6215906,-7.9190307,-1.2745184,-0.09379858,1.8264183,1.222399,-4.341791,-0.4193216,-0.96725255,2.9214373,-3.692473,2.1139982,3.5119495,-1.9500234,-1.4113849,0.43637732,4.1413617,-1.4508296,3.2207167,-3.386102,4.4230814,6.7083297,-1.4902867,7.173934,1.0182118,-0.25830424,-4.319449,-7.237277,-0.3816986,2.057798,-0.8166027,1.0539552,0.69477737,-1.1589909,3.4792602,5.197973,6.0158224,-4.28233,0.42983818,1.0465657,2.4102247,1.3176835,4.582273,-2.182857,4.5949674,-7.887696,-1.811326,0.77283144,1.9690804,1.3782662,5.521106,-6.8169355,4.0780354,5.189547,-4.5243754,0.48937532,4.4041886,4.113891,0.7323274,-2.6623197,-3.1202276,1.5440587,3.393064,-5.5386553,-2.7414963
300,3.1308696,2.1504622,0.23447007,-0.9007132,3.0313067,-3.0735667,-3.5416548,7.280572,3.7909322,3.3663335,-1.4820099,0.5295589,-0.6294258,-3.8488793,-4.5050325,0.03579747,1.8272116,3.8592713,2.4136639,3.955023,-4.5872693,-1.5428859,-0.48499873,1.8148996,5.6894765,3.1222248,2.3039553,-4.078049,-1.7436076,-2.4419332,-4.150954,2.9016,-2.4927588,3.280962,-4.1033397,-2.7439053,-2.1307702,-8.738514,-3.0176349,0.3609113,2.0712736,-0.72032535,-2.1104665,0.041354068,-1.1263958,2.9707754,-5.2382393,0.23964792,-3.8516462,-5.666481,-2.7286026,3.9532166,3.3905265,1.911655,0.526501,-0.28791568,0.92850053,-4.247356,1.4249836,-0.74648535,-2.928342,-0.63244206,2.433534,0.24703088,-4.585574,-2.3543222,-1.593222,0.863697,3.1634302,0.0016889907,-2.5686116,0.10233087,4.2946434,-3.84827,4.206206,-1.0057926,-2.8114915,2.294638,-2.1499822,1.0946319,-1.8071824,2.5030406,-3.4389455,1.6731962,4.133544,-3.74439,1.6178927,8.889307,-1.7073636,-4.5469007,-5.9582667,-1.0771345,-0.62720233,-1.5987897,-0.34320033,2.1088758,-4.1061387,3.5554693,5.108685,2.8098993,-2.5878448,0.11137943,4.0171843,1.7246008,0.9069203,1.6761945,-0.79041266,-0.3414468,-10.210163,0.78322816,-1.3749466,1.9953625,1.3179567,3.652609,-2.2419841,3.3831708,3.8065763,-4.6925654,1.9638598,5.3086305,1.417756,-2.8902316,-1.5619212,-2.264246,6.880796,1.3805506,0.51691407,-0.40577614
301,2.532498,2.50281,-2.274976,-0.5538569,0.33393633,-5.539597,-3.279486,3.3056629,0.5425977,2.007459,-0.4272553,1.2042063,3.8749886,-4.349787,-0.90126973,-3.973699,-0.07223326,5.0569873,1.545957,3.366184,-3.157613,1.1791465,-2.4832804,0.3693109,0.988987,6.9461946,-3.5414119,-6.1870193,-0.2542972,-3.1538756,-6.2293878,2.177904,-0.52239805,4.806913,-2.7560549,1.6017362,-1.0801322,-4.692099,-2.6805272,-2.051074,1.2857256,1.4865081,0.44720507,-0.3313024,3.0780787,6.0442076,-0.12179298,3.275018,-1.2018132,-0.744868,-4.8137846,3.9383929,4.197417,-0.43461752,0.61270785,2.4736252,0.9580875,-4.1893706,-0.7716777,-2.991783,-2.6502569,1.6690314,2.8907478,4.049393,-3.0717819,0.1492989,0.5680554,2.1592076,2.3074937,-1.2566391,-1.2454154,-2.3742585,2.739533,-3.4389188,0.7133698,0.6156756,1.8719941,0.22197738,-2.6746528,1.4573514,-2.8029602,1.795551,-2.7492163,-1.317858,2.6952188,-1.9899096,3.2801661,1.5669578,-3.9584177,-3.3889194,-2.7398217,1.2329855,-0.06426099,3.026,-0.12354536,2.1121762,-1.1606463,0.7157866,4.594758,2.8925467,-1.4406848,-0.45972928,2.6911871,1.6940215,3.3306313,3.8467038,-1.8132119,3.2553287,-3.98798,-1.9647421,-0.9637971,0.51803,1.880147,3.525958,-2.08779,3.2623265,2.2362611,-3.5255523,-0.44017532,2.253872,0.34106216,-0.29008105,-2.1241019,-2.46983,0.17608005,0.8585817,-2.9416955,-1.10013
302,7.0173254,6.844073,-2.4464211,2.960857,2.0354977,-4.31188,-1.8723484,4.7325554,1.8653908,5.841017,0.61216605,2.0317907,-1.6911639,-7.5928025,1.0776341,-0.55924547,-3.5853393,2.4294465,3.4481187,5.5610046,-9.366213,-0.036780775,0.8793149,2.932501,4.7031474,8.559856,4.291833,-7.64989,1.5389596,-0.04029579,-3.9822874,3.7846026,-1.4303569,4.046826,-4.811494,0.5302593,-0.3069959,-9.124895,-5.7264357,5.276918,4.384563,-2.0951498,2.5431986,-2.3357182,-0.5149421,3.6299584,-2.3761687,1.686893,-4.6672626,-5.533006,-3.7930539,5.5527396,4.407549,6.2581134,-0.965589,0.19116654,-4.745381,-3.835933,1.0444673,-0.34940153,-1.392881,5.3147235,2.2919662,5.2839837,-6.752825,-1.5624084,-0.68064785,2.525629,2.143465,0.6398913,0.5259092,1.5089881,3.7932818,-3.8124967,2.145192,-1.4054431,-4.469358,-1.4191765,-1.3287638,7.1979995,-0.73718643,6.8745313,-3.8566608,6.471354,6.2131433,-5.0684104,8.945172,3.6168368,-3.0861986,-4.032191,-6.6671023,0.11103453,4.9544706,-1.9915214,3.8547616,0.34932697,-2.2194545,5.936502,4.6450257,4.1125546,-3.372202,4.3209186,3.1834464,1.6956543,1.1764218,6.8637705,0.9822886,-0.60680044,-11.487878,0.7042805,2.2041917,2.1735003,0.4415534,5.414518,-3.4590933,2.9811816,3.8732536,-5.733712,3.3741941,4.8666706,2.965107,-0.9578966,-4.0118456,-3.9045513,3.731538,4.3622336,-5.150085,-4.066635
303,15.403995,0.6586923,-5.2387247,-7.200819,6.8537164,-10.747132,-13.496742,16.483133,-1.3493468,16.355274,-8.909953,-2.136536,-3.266421,-14.281924,-1.884613,-14.179067,0.7021211,7.7217436,4.720881,11.572315,2.7713368,-14.089102,-10.86775,4.142009,8.189117,23.53943,1.3280367,-20.85214,15.950489,-8.47191,-15.733022,-6.159425,-13.581613,20.433172,-16.781261,0.18907332,-0.74549955,-6.752043,1.2225535,12.678012,4.228128,1.8772731,4.0040092,8.25749,-4.108121,10.924289,-14.2015085,6.469925,-14.386555,-18.790947,-4.9981008,9.971618,14.99824,2.461196,0.1400814,9.057119,-0.79390913,-11.095588,1.9578136,-14.076953,-0.5896431,-2.233968,-4.849641,1.4295864,-15.1978855,3.3548481,7.055422,-2.5014222,-3.3706458,-9.679506,-1.2726239,7.4370995,13.093877,-11.524154,1.0319612,3.214816,-1.2537506,-19.597641,-9.418467,12.526785,-6.398109,2.4483206,-11.332978,16.369791,9.34158,-9.553419,31.117414,-0.5914314,-7.9100327,-19.958437,-11.497872,5.4094033,13.455656,-10.697324,3.067292,-4.482799,-10.613716,11.8720455,7.6739388,5.248307,-13.015518,-0.3016415,3.379955,12.005157,26.074121,14.635412,-5.7938457,-17.192074,-13.853337,6.749698,1.5796065,1.118472,2.6508577,8.23694,-6.0780554,3.1305923,17.103422,-6.7736764,6.295715,7.1542096,2.0484931,5.7336445,-9.924382,-3.8998115,10.282232,20.245113,-13.43789,-10.652467
304,5.3043904,6.473316,0.018743593,5.9887276,3.281833,-6.4122677,1.1796184,2.7944489,0.9419098,4.9582486,-2.055584,4.2909837,-4.8778725,-7.883648,-1.4551537,-2.128683,-3.4117699,3.1696968,5.996724,6.2943106,-9.2870245,-1.8427005,1.0716151,4.9337397,8.153878,7.6481504,1.0045989,-6.576181,-2.0438938,0.94193065,-5.4482827,3.3197036,-2.0387955,6.720409,-4.1772065,2.725207,-0.004856685,-9.4722,-3.741731,3.3644717,2.1729116,1.0800841,0.046583302,-6.323956,-0.8852921,6.2026334,-4.946804,4.62029,-5.554853,-6.5781784,-4.6798263,3.8792677,5.9331584,3.765928,-1.2765236,1.7680682,-2.6435845,-6.1659074,2.6164107,-0.68909454,-2.449447,6.0357747,0.65177894,7.7685194,-6.2775655,-2.1402729,4.2315674,3.8941238,2.5215914,-0.28302416,-3.0321589,1.1697547,6.940982,-3.355172,1.137762,-3.0827384,-3.5799713,-0.42675418,-3.389987,5.7316604,-1.5188667,6.1453795,-3.3884466,6.332037,7.494511,-4.907794,7.6645365,4.6750054,-4.554285,-2.0732937,-5.61248,-2.269808,5.263898,-0.53197265,5.106194,1.6044621,-2.9894478,4.194882,4.6184196,1.9920055,-4.2418375,2.9046376,4.090178,2.7901833,3.9961529,7.5438237,-0.42296907,-1.9409053,-10.240784,2.4503152,-0.062047143,1.195711,5.284383,7.205733,-4.123161,1.5779514,4.2231646,-6.9354067,3.1587653,4.8728657,1.8176283,-3.8043852,-3.4238067,-6.9133806,5.422328,5.218921,-3.7124715,-5.318618
305,3.4989662,3.7414253,1.153901,0.3005001,0.62448347,-2.811653,-2.7850335,5.455542,2.3038688,6.865704,-0.66882485,-0.42032546,0.0035056286,-6.002955,0.07022067,-1.4663092,-2.0409548,1.6613222,1.8154377,1.1181991,-6.373948,-2.0572746,-2.1681426,4.409081,2.690608,3.2042935,0.18915388,-3.46467,1.1733906,-2.5415215,-5.6449003,3.7347047,-0.765916,2.571349,-4.2250257,0.7378549,-2.635377,-5.8483005,-2.3458507,2.503108,5.378549,-0.20866208,-0.81241035,-1.6777167,1.472078,5.5308313,-2.7564845,5.2209644,-3.3036783,-2.9295897,-3.2030425,4.012123,3.601668,-0.014982197,1.6902083,2.0653038,-0.6742345,-2.3872716,0.7017745,-0.75120145,-0.25232732,1.4239172,2.3948522,3.7347198,-4.6134696,-0.02780962,0.9084944,3.3378613,4.490456,-1.9022673,-0.5392916,-2.5593448,-0.7876929,-3.5886645,2.0738144,2.000105,-2.7473228,1.266791,-2.692747,2.7825027,-1.7899814,2.7398427,-2.9413323,6.952504,3.9677272,-0.79029137,4.351423,3.3137949,-3.3929636,-2.373531,-4.6050816,-0.6302671,1.4224709,-0.832269,1.577326,0.02531097,-1.4937276,3.9765851,3.64005,4.4296756,-3.4384546,1.2004881,3.2376351,0.708106,0.6034568,4.4795995,-1.9370792,1.907921,-9.173291,-0.16629079,0.42409766,3.2924008,1.8488928,3.4865336,-3.5366428,3.4112742,4.721093,-3.0921416,3.2344666,0.98609287,1.6425632,-3.74361,-0.41370282,-5.401775,2.1818793,2.3719835,-2.8085608,-4.1138496
306,1.6151842,1.4308095,1.0282419,2.366864,1.5279839,-5.0040436,-1.5569376,4.266038,1.6411723,4.4571686,-1.1760942,0.44757298,-1.0343518,-2.8484347,-0.53150076,-1.3897089,1.9282091,2.2796023,3.8095562,4.4034986,-0.30583128,-1.9296273,-1.019714,1.4361095,4.0336723,7.425999,-0.69980276,-4.8713512,2.6029398,-1.9676964,-3.5636687,1.252977,-3.2351978,5.322632,-5.1264467,-2.3103528,-3.7498324,-6.313389,-3.6460073,0.80500805,-1.1068159,-3.0982668,-0.027076688,-1.6031339,0.28000164,6.2344894,-2.956678,-1.2381675,-2.9982877,-2.4824333,-2.2591348,3.794456,2.4888098,4.4680414,-2.1289375,1.2255167,-1.1497045,-2.6723063,3.8657367,-3.67272,-0.3386692,0.50885797,1.6078571,1.5519552,-5.130289,-0.8100022,-0.18250218,0.5155495,4.8734,-0.36443272,-2.5374079,0.72951305,3.2500522,-2.0594358,3.6222737,1.0179636,0.2685313,-0.39237708,-3.5035622,3.455097,2.352343,3.4869115,-2.3678577,0.9958783,3.5861137,-4.0345,4.8028264,6.0108953,-2.9613206,-5.5928264,-5.134296,1.8202136,4.388776,0.62199336,0.016578572,0.40408736,-1.1796086,0.49589312,4.6637254,4.73179,-0.43286547,-1.8702888,5.3051777,-0.8702517,4.119525,3.125726,2.7554688,-1.418434,-6.022578,-1.3040959,1.5517167,1.739927,3.932242,1.1932601,-0.011386778,0.20555763,2.4340656,-5.8905764,-0.17434967,3.4648297,1.8926708,-0.460872,-3.1571755,-2.041349,7.194422,1.1697595,-2.2147238,-2.3199692
307,3.123592,5.177077,-0.2546777,3.3252816,2.2497249,-6.1801906,-1.2031422,3.703962,0.3027157,3.134049,-2.1197178,1.9016007,-1.3731321,-3.5516076,-3.1155198,-1.2927355,-0.32328293,2.30307,3.6075912,2.980135,-5.0123644,0.37976363,-3.018923,0.680118,3.9223526,6.776372,-0.7084805,-4.2904024,-0.13039964,-1.733288,-6.4536834,3.7199073,-0.3084193,4.9023128,-1.7357799,2.4994857,-2.178618,-6.9746904,-2.8513713,-0.5198553,2.4165556,1.3156104,0.34568372,-2.5602274,3.8962712,3.311305,-1.8849667,5.0456123,-2.250766,-0.86972415,-3.9475012,3.4117284,3.6706665,2.1926522,-0.043298922,3.4578326,1.4842039,-1.9581982,0.8020164,-2.3512728,-0.8883944,1.8642808,0.58904016,5.037636,-5.124433,-0.19107032,1.174242,2.0447385,4.450966,-0.09838779,-2.9813836,-1.5457685,1.7411405,-6.163471,2.133595,0.6106491,0.6415688,1.4757462,-3.4678786,2.3747358,-2.8492546,1.7610857,-0.55550766,0.80837846,2.6942742,-4.170264,1.2889849,1.6316305,-6.388866,-1.2952812,-3.5199394,-0.9515314,3.264167,4.001866,1.1024209,1.5007625,-2.4612534,2.6745222,5.261375,1.3137512,0.4496126,0.091689676,5.148999,1.5729927,1.9310589,4.104886,-0.8211715,2.5042007,-4.569985,-0.6566653,-0.41780347,0.39600497,3.2854908,5.141267,-0.9019555,3.0325894,3.1988952,-5.69042,0.94803715,4.7066884,0.41245782,-2.8211894,-1.3963705,-4.3071885,3.5858285,2.1130455,-2.3665292,-0.36649358
308,2.9992118,4.6273055,-0.6138578,3.4495733,1.500714,-6.341914,0.08820839,2.360356,0.1681243,3.3723567,0.030276418,2.4067516,-0.35055405,-4.932539,-2.6600678,-1.2432911,-1.5906457,4.646092,2.4941068,3.7220876,-4.9752865,0.41977355,-0.1146707,-0.39645022,3.1813083,7.6887393,0.17545536,-4.5731955,-0.6765907,0.31867027,-3.2185593,3.1371841,0.008296002,5.567349,-2.9606316,0.62837183,-2.0549898,-7.6819987,-3.4883435,-0.53359145,0.37325937,0.08763626,0.76248306,-2.1704223,3.4116588,4.989444,-1.6036232,2.0871212,-1.6532665,-1.6362495,-4.0054464,3.743418,4.9441714,4.03996,-2.2046602,1.8081518,-0.6769457,-2.7001176,2.0328097,-2.4002395,-0.4121037,2.8841863,0.8412018,4.8687744,-5.822094,-0.75766927,0.5227574,1.6949855,3.1755807,-0.90191984,-1.543494,-0.90659094,2.5600765,-5.4219003,2.1999335,0.54524565,0.270195,0.263022,-0.831645,3.174242,-1.8489159,4.1236043,-1.2807084,-0.10701842,4.4735055,-4.616228,2.775944,0.839365,-5.220496,-1.7994797,-3.7357388,-0.2884466,3.247054,3.0625167,0.9962315,0.3860383,-1.5515641,1.3620771,5.3347025,2.8652613,0.5335811,-0.834019,3.5831878,-0.07857016,0.7942433,3.699077,-0.23822588,2.365262,-4.725354,-0.984601,0.7844908,-1.1876651,3.6606438,4.3617816,-0.5274094,2.1819444,1.446564,-4.7907515,-0.63317287,3.503642,1.9848564,-0.5990627,-3.2487922,-2.5187356,2.5742486,1.4950489,-3.1729634,-1.3790026
309,5.0425277,4.1241775,-5.6641583,-1.556003,-1.9325428,-5.0108924,-4.728363,6.4273753,5.3990774,9.239915,0.95848995,2.5048573,0.88035023,-6.6899314,-1.852132,2.24802,-2.5278769,10.094912,0.56344414,8.55794,-5.4300942,-0.9729005,0.76335496,-0.13604382,4.164696,10.517723,4.837211,-5.8345146,-1.8797408,-0.5921037,-2.0775,2.626867,-0.27331617,3.4442441,-6.799997,-3.703078,-0.23218921,-10.087946,-3.877584,2.922465,1.958099,0.10083531,-0.13670713,1.9728692,0.114228666,7.1081314,-2.0067365,-0.19975263,-3.0857465,-6.293095,-4.0408263,6.8327093,9.349618,6.1993017,1.2736094,-3.009263,-1.5458313,-5.370367,-3.161027,-3.3567302,-2.4887867,4.942106,4.5003195,2.6165564,-10.191437,-1.9990909,-2.244939,1.6676053,-1.0771424,0.25942764,0.8120875,4.098187,5.7771235,-6.2567706,3.9537857,0.7703919,-5.3495536,-1.7058878,2.264516,4.8668866,-0.2364472,2.2407699,-3.835743,3.2680812,6.305341,-3.5847836,8.279586,3.2715008,-0.27391046,-5.5411057,-11.164855,-3.0508378,0.6864888,-2.9373124,1.2062513,0.8928162,-2.8725557,2.8345556,6.1161995,5.6339254,-5.511688,2.6137908,1.9305611,5.112731,4.6545625,3.3964007,-1.2471746,1.8132783,-8.8795395,2.1113021,0.5268613,0.8637257,-1.0729419,5.277164,-5.2755203,5.658577,2.983287,-6.3126693,-0.3145271,5.470412,2.0121703,-0.91957897,-5.047664,-3.9365127,4.322072,4.425091,-5.1766205,-1.4659284
310,1.88784,3.6226878,-4.6595564,-2.6650505,1.3643137,-7.406393,-4.5113873,5.0357065,3.9959257,8.856809,2.2956495,5.474821,-1.1768048,-9.559588,-0.68311095,-0.98000896,2.2225266,8.613897,5.2341614,3.7511046,-4.4554973,-8.7956085,-5.505541,3.8128908,6.992819,11.869964,3.9179099,-9.268213,-1.3263254,0.6385669,-9.132709,2.9891098,1.1523877,7.142857,-2.5730147,0.4203184,1.5580094,-7.9547644,-2.9551659,5.9677534,3.9509811,-3.486445,0.036677837,0.055143468,2.4082086,6.633069,-5.44383,-1.1205164,-7.1741567,-9.386156,-7.020157,8.504688,6.0965137,1.7619064,0.20712936,-1.2970834,-3.3237178,-7.9803033,-3.8446453,0.39061052,-4.2055197,4.25585,5.241847,4.088293,-2.2787285,-5.9403157,0.4947378,0.89571697,-0.3868492,-1.5647194,-4.797223,5.8424425,7.170204,-8.608189,1.2846042,-0.24992414,-5.068686,-2.6169674,-0.58078974,3.9587677,-2.096229,1.7874942,-5.0243435,5.5285316,6.647272,-4.899303,5.5729938,4.545185,-3.4897814,1.3641268,-13.184897,-7.664304,-0.1558568,-0.59652996,6.670067,2.3802085,-3.9063733,3.1984997,3.7818964,3.1172047,-7.77347,3.9125774,4.4198384,11.633822,5.6725974,4.5724216,-2.1303542,-2.3783996,-7.4445524,4.3711596,-1.0061668,1.3845985,0.18193567,4.41376,-5.464447,1.4624702,8.275982,-7.5380645,3.2940826,4.129995,-2.357492,-3.9390578,-4.6431394,-10.796052,1.7441155,6.9966197,-1.4554302,-1.3155504
311,3.2512233,3.0491223,-0.78203064,3.3752408,2.2102623,-3.5441842,-2.724025,5.00436,0.6276712,3.9533167,-4.5768228,1.4545492,-3.5958867,-5.8079667,-4.64214,-2.2205317,0.7526491,1.1503665,2.0512152,4.2969646,-6.2284145,-3.3092375,-2.2796292,2.8262675,4.6376357,2.6954327,1.3264754,-6.013706,-0.6631957,-4.9026384,-3.4882421,3.2215574,-1.8608801,5.6018596,-2.8751328,2.2388093,-2.326814,-6.7519393,-3.8311586,0.9830065,4.7664847,-1.0648427,-1.09053,-3.3520012,-0.87503475,4.483386,-3.2005963,5.225581,-5.458054,-3.5876696,-2.4330692,3.0069065,5.6246057,2.3756008,1.2585864,3.1350741,-1.2735996,-4.365577,-0.43023944,2.14134,0.101581395,2.7891288,2.8394802,6.8945575,-3.3353765,-0.6603893,1.8628056,2.6511865,5.0698514,-0.39965492,-2.375267,-2.7567647,1.8464775,-8.007917,2.1156964,1.5437008,-0.7277253,0.50555265,-5.484811,2.9707825,-4.38216,3.127451,-2.746183,5.18101,2.5401332,-2.6222417,6.403083,3.1815865,-4.9471126,0.9505019,-4.405592,-1.5049086,0.7412034,2.4144497,4.5901346,0.330815,-3.013591,7.1639867,4.5162807,0.7561174,-3.9944139,3.5587614,4.9123964,1.0194764,-0.18034655,3.3555064,-1.7172843,0.6114639,-9.555367,0.8051281,0.83597606,0.95243704,5.077577,3.8111677,-2.748024,3.1391613,4.636505,-6.0152497,4.5916986,1.7163985,2.4447598,-4.676957,-1.5034523,-6.3488092,3.9869082,3.7070885,-1.0308309,-3.0666378
312,7.800167,3.92117,-1.9754347,-0.5853489,-1.7933811,-2.5907547,-5.85553,5.879421,2.8940122,9.389562,-1.6006755,2.1096623,-0.28688192,-3.1272738,0.48240831,-1.1531537,-2.4286072,7.8304863,1.5039274,4.5539985,-5.754654,-2.5774999,-2.1169295,0.26774427,6.6750493,9.874599,4.1150084,-5.699194,0.35592037,-0.41649413,-4.15121,4.6574364,0.4893628,3.7084553,-8.971729,-4.08281,1.4395982,-5.3115454,-0.7498151,5.588811,3.7647266,-0.4060569,-0.29870737,0.83634454,-0.5210771,6.473929,-3.3004937,2.0657203,-8.451024,-7.8897085,-3.2405794,6.9521337,5.853075,5.1049623,-0.7841209,1.2967757,-3.456786,-5.998261,0.8375123,-5.9490137,-2.033421,0.8423004,2.037809,3.5065854,-7.4557204,-1.634949,-0.18303479,4.284519,0.22926345,-0.6102955,-1.3542126,3.6899276,6.4267206,-7.436263,4.103007,-2.2711356,-4.7210984,-3.0377362,-1.5584253,2.5246851,-0.7978694,0.9612967,-5.0346327,8.335635,7.580835,-1.8815727,8.018035,4.6839323,-4.6667075,-2.2575574,-10.0670805,-1.2134379,5.391297,-2.3541613,2.4124734,1.9421942,-2.8156374,0.7710821,3.282455,6.288908,-5.5133986,2.4610653,4.6450496,8.45072,4.284098,3.3395247,-2.2283669,-0.5544804,-6.2197657,3.6046975,1.6347812,0.5857007,-2.010942,3.0988894,-6.7879596,6.8698506,5.4246755,-7.246328,3.0401232,5.065023,1.2267965,-3.8470883,-3.7795978,-4.7315545,3.9223883,4.4969144,-4.2957735,-1.4246929
313,2.2939854,3.7216222,-2.2026618,0.5666862,-1.0367184,-4.2448483,-1.5919031,2.6008382,0.40610886,3.1913924,-0.00575708,2.6602862,1.8864701,-3.4851246,-1.1661477,-1.4879444,-1.182821,4.6950946,0.9311826,4.14787,-2.839086,1.4221557,0.21280858,-0.62339664,1.2325971,6.1798787,-1.1432645,-4.8396955,-0.7598535,-0.8280234,-3.6006222,1.026908,-1.181353,3.6120617,-2.6513226,-0.8759945,-0.3090406,-6.417779,-2.1081626,-1.5616844,-0.23253115,1.2885597,-0.92983085,0.056143872,1.3688004,4.264322,-0.7753592,1.343999,-0.9696876,-1.7426314,-2.0835936,3.9199328,3.838404,2.3766346,-0.47043332,2.1686552,0.578906,-2.178516,0.9527837,-2.8577287,-1.4173759,2.973723,0.34766898,3.2205253,-4.87734,-0.13154188,-0.6847599,1.5902147,1.3724322,-2.3532166,-0.8170886,-0.6403935,3.318766,-3.564859,2.5159903,0.8876391,1.0737013,-0.94181347,-1.0154358,2.957005,-0.30264902,4.07485,-1.8292542,-0.82491356,3.1867454,-2.2503996,3.9334087,1.4319955,-2.7961178,-3.591447,-4.688209,1.2537879,1.4246534,1.7526977,0.6791865,2.0426939,-1.2804825,0.73939556,5.3658986,3.233429,-0.47987378,-0.21660855,2.333697,1.8928461,1.561117,3.0679176,0.361224,2.587246,-4.678338,-1.8172555,0.27227154,-0.56127197,1.1415014,2.8906927,-0.6104611,2.5434463,0.7965491,-5.0207324,0.109091446,3.7643354,2.40921,2.6108544,-3.0787828,0.18853486,2.3769977,1.254409,-2.8976111,-0.8861319
314,1.5340466,3.4062455,-2.0725198,0.6870578,0.72568655,-6.8812127,-1.6775372,4.5494494,0.95065695,2.4292822,-0.31354925,2.790286,1.5697044,-5.0386367,-2.001856,-1.5151541,2.1268537,3.9998598,1.6291739,2.7509537,-0.98488635,-0.12369538,-1.4303118,0.4432676,0.6366052,7.18697,-1.4849751,-7.3393264,-0.85302305,-3.0932,-4.6054945,0.59479606,-2.6664865,6.582866,-2.602503,0.9438514,-0.6570168,-4.9618406,-3.6529226,-2.2370558,2.0584462,1.2770813,0.25168744,2.4468777,2.2867455,4.632969,-0.78158987,3.4205391,-0.12800394,-0.9418149,-3.0401251,4.8384104,5.021577,4.160055,-0.6125047,1.4255425,2.601652,-3.2205393,-0.078003764,-3.3104527,-0.5414227,1.2348326,2.29764,3.623416,-4.8592596,-1.484705,-1.0817448,3.3396425,1.6796538,-1.2471051,-2.5963378,-1.6462747,2.9085178,-2.5428815,1.5281821,0.85462695,1.1134636,0.10831789,-1.9261124,4.2809577,-2.002642,3.214294,-1.2422516,-0.81191224,1.6922529,-3.049505,4.2650633,1.8617975,-4.264054,-3.8742795,-2.3275297,1.3194968,0.59322804,4.0676446,1.7169956,0.65942585,-0.09505203,1.6419476,7.0840526,1.5454203,-0.5464262,-0.8556234,3.7229593,0.04996731,2.2222838,2.7997427,0.85869515,1.9747263,-4.218125,-1.5743412,0.9189487,0.42955247,2.1083014,5.485843,-1.5066291,0.8306628,1.99868,-4.898384,0.65841955,2.4681902,0.9940722,1.8108661,-3.1021986,-1.0135583,1.7886431,1.2717441,-3.0056229,-2.5743175
315,3.306853,4.377704,-2.9699078,-0.89656544,4.4634523,-3.8854692,-3.1302383,3.9938002,3.1375978,3.230439,-0.52405846,0.61349005,-2.8652532,-4.455223,-3.221847,-3.511563,2.0752642,1.6980188,2.7519257,2.944858,-4.2377305,-4.202747,-0.95921195,1.6671852,1.6161565,3.3408847,0.6113112,-6.3961053,2.6184626,-2.6525607,-2.955943,0.12247948,-3.1588845,6.2542257,0.6984006,0.8420514,-2.1874502,-6.8222647,-6.1211977,0.017379887,2.0624685,-1.658345,-0.9610862,0.16053626,-0.010693155,5.4533253,-3.0396066,1.8458486,-2.0256877,-2.3865154,-2.8106735,3.1777349,3.2906895,4.875406,1.3402733,1.7872983,0.51834327,-0.8536159,-0.45404312,1.830016,-2.928015,1.9216467,3.333493,3.021829,-2.6192124,-2.2016518,-2.4660037,0.32864043,3.7442045,-0.5249412,-0.3801419,-1.4228364,1.6071858,-4.089364,1.972983,-1.5457666,1.363669,1.2319334,-3.2078524,2.4428673,-1.2236243,3.6066763,-0.16072193,1.306412,2.1649275,-2.0532203,7.3042173,4.872308,-0.70647955,-4.1200147,-3.712642,-0.87813866,1.0800915,0.38622183,-0.10432646,-0.6931478,-0.26246834,4.4415298,4.8912616,2.2632644,-2.4582362,0.21258779,3.0746145,-0.14174628,2.4741845,2.600832,0.92973614,-0.16180772,-8.082769,0.87100655,1.3289052,0.76037157,3.3114066,2.3929443,-1.2369204,1.6163169,1.1922218,-4.572219,2.1596336,2.730629,2.386787,1.0234877,-5.4307547,-1.5760218,3.5798857,2.6316152,-1.5367254,-2.7502513
316,2.244751,3.308997,-1.5406526,2.4625428,1.3008487,-6.9193687,-4.0712204,3.5826917,1.2760899,4.1062627,-3.3844733,1.5047213,-0.3209185,-5.3803916,-3.7088852,0.19481787,2.2026596,5.135978,3.161598,6.2301745,-2.9390132,-0.25548393,-2.824143,0.9441012,4.148984,8.235126,1.1964808,-5.19263,-1.7437007,-3.2307713,-5.0962577,4.7063336,-0.7064076,7.905018,-5.981309,0.27642003,-0.6460387,-6.38964,-2.7755885,0.39806062,1.4292473,-0.6829663,0.4908685,-2.666957,2.7445946,5.3362927,-0.9364803,3.6368413,-3.8334916,-3.4907944,-2.7641711,6.3907022,4.603155,4.0855823,-0.0023057219,-0.20179056,1.5623916,-5.2984805,0.075103804,-2.4694316,0.3728801,2.547125,3.2654922,5.470409,-7.249888,-0.05803683,1.0908333,4.1605616,3.9297574,2.3962047,-3.7556524,-1.1691167,1.3594958,-5.809987,1.6843256,1.3390313,-1.2009212,1.2801212,-4.4289575,3.5192382,-4.2859015,2.624773,-4.011443,-0.91323245,3.3611906,-6.3413887,-0.16030806,2.3278847,-8.269929,-0.58412164,-3.650498,0.09983361,0.921963,4.7212954,3.276233,2.5517771,-2.602338,1.1317079,8.167574,2.0521426,1.1304401,0.8890536,4.7295766,1.1217556,4.323998,4.998796,-0.61073375,2.6727557,-6.5956526,0.7182374,-2.23649,0.07358743,2.8845525,4.055185,-2.501975,3.6652815,2.2478542,-7.0444107,2.1965747,2.5045695,-0.6640832,-3.8321328,-1.9090344,-4.854067,4.000089,2.5150495,-1.4460015,-0.54477656
317,1.9524484,1.7479271,-1.4764897,0.42221123,-1.6246487,-7.012891,-2.2813818,2.4153638,1.0762948,6.8603277,1.3196305,3.8925607,0.94513696,-6.7771053,1.6781272,-3.3518143,-2.250574,7.221039,2.3789232,3.6724842,-5.071738,-2.3691552,-2.1051872,5.028271,3.6921918,6.9672585,-0.67028004,-5.2530165,-2.4431825,-0.73234946,-6.9364123,4.4024687,0.51562375,5.6214414,-4.538577,-0.82265335,1.6059501,-6.1791053,-1.1189152,1.6574862,0.719713,0.24703944,-1.4272076,-3.3438838,1.9802971,7.701127,-2.0692682,1.3713089,-5.9357357,-4.3096213,-5.058915,6.9261947,5.6630707,-0.99384594,0.6359009,0.1027823,-2.2024424,-7.41807,-3.4371223,-1.6329327,-1.7052774,5.938583,3.5401971,5.834354,-2.3548627,-3.8243146,2.3649337,3.3806686,-0.11852581,-3.7920609,-1.6261798,3.0593307,5.816271,-5.22897,0.14991635,0.34890717,-3.7882335,-2.8030717,-2.6334314,4.230255,-2.658302,1.7901437,-6.400092,4.1816325,8.02337,-1.9690667,6.788331,2.9772124,-4.5992646,-0.06820968,-8.495276,-2.0389788,0.42017627,0.3287226,3.5556023,4.9702725,-2.8016644,-0.08182294,0.5114196,4.335064,-5.1566167,2.8909414,3.4931467,9.102596,5.751637,3.16391,-2.1038032,0.63821167,-6.2909384,0.21331412,-0.9878664,0.23894498,0.111396655,2.8703923,-4.749781,1.9742244,4.423348,-7.008892,1.2027385,3.6448653,1.3442546,-2.0029914,-2.087879,-7.766065,0.80366665,3.2400079,-2.0361362,-2.5148342
318,1.6365863,2.890792,-1.4201734,1.2695845,0.40367875,-5.225126,-1.9337064,2.660253,0.7482221,3.2894735,-0.2972895,1.2706971,0.14207788,-3.8089726,-1.9927852,-2.1733022,0.65454215,3.351325,2.5104866,2.070665,-4.1025295,-0.5947303,-2.2547333,1.1653485,0.60861564,5.6129956,-1.4630467,-5.574464,0.2272537,-2.3972542,-4.467839,3.2494042,0.49894866,4.9669485,-2.2950306,0.66880137,-2.2705512,-5.1145124,-3.7744474,-1.0588323,1.7318825,-1.9601138,-0.053194936,-0.81686485,2.3587258,4.747468,-0.16832808,2.5620797,-0.83531886,-0.5548204,-2.9807775,3.759517,3.1541727,2.5016246,-0.9338811,1.3370136,0.22384547,-2.4996204,-0.118606605,-2.1735578,-1.7126808,1.1203393,2.5807986,4.6212173,-3.3349462,-0.48949492,-0.90262514,2.1945977,3.7445157,0.2573657,-1.2784129,-2.002518,1.8099555,-5.0239,1.9881487,1.2708461,0.77180576,1.2970271,-2.6234636,2.3311746,-2.6405444,2.4838476,-1.7547381,-1.324158,2.48701,-2.1646214,2.641463,2.0632327,-5.0397444,-1.9315314,-2.8004107,1.1671935,1.4827533,3.7756524,0.65739894,-0.4919861,-0.81601113,1.5517257,6.1339846,1.9948479,-0.7023284,-0.035872217,4.4621773,-0.9472727,0.71859837,2.9780564,-1.345427,2.5316856,-4.403286,-1.3321888,0.50619245,-0.26486963,3.1964068,3.1678927,-1.6220235,2.185776,1.5294546,-4.250042,0.1123755,1.6178286,1.0763426,-0.9814975,-2.0540702,-2.4093008,2.2511947,0.43777472,-2.2321978,-1.0999126
319,1.9134686,3.8244894,-2.91883,-0.050113022,-0.35169086,-4.851159,-3.0356412,2.60173,2.0035498,3.6349025,-0.64129555,2.0629234,0.081567556,-3.713697,-0.82812035,0.6242063,0.41991806,3.7802196,2.6570234,3.176567,-4.3164897,-0.13329686,-0.17050782,0.6354897,0.9006823,7.5982275,1.894079,-6.3242736,-0.76030064,-2.0114505,-3.0558314,1.3435663,-0.30122626,4.2499,-3.1350305,-0.53448284,-1.7308803,-6.379334,-4.31915,0.75343883,2.3774512,-2.477504,0.063497506,0.44573396,2.1290848,3.648686,0.5808167,0.87495816,0.19540365,-1.9855074,-2.7113311,5.4654903,3.6483579,6.1862845,-0.79920137,-0.15927449,-0.019215181,-0.8746607,0.33776402,-2.6451423,-1.2249275,1.6510291,3.2101011,3.8676498,-5.4499454,-0.88423264,-1.2373893,2.4187539,2.5729084,1.5032847,-0.8158282,-0.7727762,2.2790039,-4.017061,2.9802113,0.6020207,-0.93516785,0.62262374,-0.5888799,4.460017,-0.5419484,4.346275,-1.0871222,0.007843076,2.4122403,-3.3476748,2.8502226,2.7697833,-4.323755,-3.5321798,-4.529409,0.71533644,2.0862932,1.6951386,1.4454712,-0.4032234,0.60419494,3.0718226,6.778288,2.4768796,-1.3013008,-0.16408949,3.7918332,-0.29114714,0.73673946,3.872776,1.3690832,2.2095916,-5.534918,-1.0719972,0.38404223,0.46965623,1.7588975,3.5275884,-1.3599317,2.1533623,1.2321663,-4.5939803,0.69457597,2.7079098,1.3660616,0.73984367,-3.901159,-1.2188991,2.3493054,1.7999567,-3.1332984,-1.4669838
320,3.2173371,4.5457573,-1.1362247,2.1311316,-0.033691153,-6.481154,-1.3731681,2.1488626,1.2651992,4.7819676,0.18501312,1.8202181,-0.6680514,-3.7473805,-1.7981226,-2.1023023,1.1091635,4.1839976,3.2517695,3.6050763,-2.9871368,-0.72480756,-0.89371413,-0.078368306,2.261262,7.4208364,-0.33905143,-6.3120284,0.46002403,-1.9865503,-3.6728382,2.7140443,-0.984199,5.6969523,-3.1091542,-0.35738963,-2.287977,-5.5365715,-5.10487,0.21443856,0.5055013,-2.645046,0.12518056,-0.9143256,1.7484156,5.8313313,-1.0970012,1.883933,-0.5693137,-1.1365397,-2.3178587,5.7157197,3.6169848,5.2675877,-1.4330622,1.2601932,-0.4064759,-2.3385215,1.9823202,-2.6089423,-0.49029768,0.64153904,2.603269,3.9867406,-4.9296203,-0.7417593,-0.6233509,1.5500453,3.6579297,1.0284374,-2.6731756,-0.917654,2.8121247,-3.3372438,1.8170401,0.74047464,1.6701852,1.4233744,-2.5066156,3.153036,-1.2090414,3.3873298,-0.4670366,-1.379411,2.2056296,-3.3424706,2.801449,2.9338524,-3.5985146,-2.4786642,-2.6430597,0.9653248,2.7813308,3.3857033,0.3095593,-1.1888506,-0.33514714,0.70353407,6.602282,2.9704697,0.495874,-1.6166815,4.416854,-1.4951164,1.7700992,3.9135227,0.40667245,1.3935539,-4.060961,-0.47837168,0.756345,-0.20932947,4.2684307,3.2870536,-2.1933427,0.98874205,2.0608046,-6.0528736,0.4485607,3.1435654,2.4383855,-0.6345277,-3.0540874,-2.6657007,2.8045619,0.4558372,-3.5714946,-1.3316922
321,2.0933762,3.42568,-0.027270298,4.9925814,1.1386657,-7.6003256,-0.82037437,3.5175936,-1.2783146,5.1077538,0.56898767,2.817473,-0.22457786,-6.9322863,-1.1649523,-0.9770793,-0.49035472,5.0923314,4.772292,3.0586874,-5.442235,-1.7476598,-1.3994999,3.0631828,4.401604,8.350855,-0.96346915,-6.7503767,-2.0750914,-0.0046428293,-5.6235375,5.4536176,0.65087694,6.302178,-5.5186906,0.123387165,-1.423363,-6.437122,-3.9808557,0.86473864,-0.08215538,-3.1928873,1.5983101,-3.0554497,1.4578353,4.873406,-1.8259017,2.0976017,-2.621699,-2.9711933,-4.0076156,5.0247617,4.880769,3.244098,-2.6336577,-0.13510793,-1.3687238,-4.772197,1.117089,-3.5656831,-1.4061332,2.739002,2.7323315,4.0512547,-6.4541736,-1.8231161,1.8572059,4.0507627,3.796319,0.34756732,-2.6239433,0.62155443,4.23721,-5.197854,0.37473375,0.086659975,-1.4307455,-0.5419851,-2.506178,5.677096,-3.2591155,5.113512,-4.9280157,-0.32365862,6.520305,-5.9186535,3.0834203,2.33146,-7.7070713,-1.7114601,-3.299489,1.8232157,2.1889334,3.6156478,4.8777122,0.20104888,-3.0824955,0.80311954,6.665483,2.5946543,0.07662934,1.8358519,4.894442,-0.27475944,1.9691392,5.5224943,-1.1462256,-0.10609193,-5.405383,-0.62945324,0.8831667,-0.39459956,3.8526514,2.6717124,-2.575133,0.9210636,2.8784807,-6.1496787,1.2722751,2.6127052,0.7678217,-2.122251,-1.2344147,-4.6106553,2.8274024,1.9035052,-3.635919,-1.7554541
322,1.5489167,4.5162435,-1.3946679,3.7986197,3.938971,-9.153274,-1.7855946,8.013527,1.3886607,2.0607488,-1.7705932,2.0233414,-2.6990304,-9.115086,-2.7812877,-0.5736797,1.2610866,4.7403064,6.748534,5.911028,-6.416603,-0.6589067,-2.4283936,4.0453753,5.814483,10.108955,0.6936349,-7.9587755,-0.3842822,-3.6473927,-4.6167407,3.0145514,-1.5091267,10.306945,-4.8014045,4.3047967,1.1241252,-4.6665654,-5.126962,1.2308617,2.1755588,0.05118767,2.679872,1.1089137,3.8016255,4.580903,-0.77127254,5.3915114,-0.7422347,-3.5040772,-5.060906,7.4856215,8.314728,8.651826,-0.7975015,-0.83015597,-0.18957737,-5.0626564,0.20521617,-3.8864048,0.55911595,3.0062318,3.0592608,5.636763,-6.749433,-3.16306,0.25025684,4.500996,3.20248,2.2733676,-6.1382623,-0.78852123,5.4375544,-4.367159,-0.11069584,-0.33064908,-0.4019138,2.0657966,-3.2010527,6.0296545,-2.273286,4.488411,-2.2391255,0.06289537,3.1435943,-5.5466933,4.893046,3.2219968,-6.5298104,-2.3052037,-2.6245623,-1.5857412,2.5569136,5.9279685,5.239821,2.5782478,-0.6866314,4.1396503,7.0220466,1.3924797,-1.9827505,0.08638379,4.886576,-1.4149163,5.13583,6.8197193,0.08075358,0.9068322,-7.1491647,0.9276313,1.6747082,1.035338,3.96608,8.798653,-1.716596,0.5887116,4.788844,-5.3947835,1.6279491,1.7876766,-0.6369025,-3.2677913,-2.961273,-6.423744,2.514023,4.1125603,-4.6144657,-4.693203
323,0.9381867,2.9102066,-1.6858103,-0.8188755,-0.33745235,-2.0836022,-2.658763,2.4370928,0.480565,3.2938886,-0.12829512,1.939226,1.2600536,-4.458541,0.49033046,-1.3812056,-1.2265604,2.62827,2.0125127,0.88255346,-4.1419625,-1.3769898,-0.28662616,2.2741435,0.62477714,3.1748366,-0.54469895,-4.0741944,-0.42425787,-1.0901171,-3.04496,0.29233786,-0.58502316,2.477934,-0.9900271,0.7596176,-0.7384177,-4.078069,-3.055559,-0.40610427,1.9903222,-0.52211136,0.051701978,1.2068405,0.22783253,2.7916305,0.029930947,2.8662755,-1.2108618,-1.1850624,-2.2482977,3.6614501,1.663929,0.98288095,1.3464782,0.89845073,0.10189721,-0.6039458,0.22769077,-1.1744763,-1.2330388,1.580357,2.755373,3.5750065,-2.308599,-0.9843977,-1.1741158,1.6625441,2.3932946,-0.9482721,-0.2390533,-1.7742307,0.6038912,-2.4491467,3.0203938,1.5729486,0.48453033,1.0335151,-0.91628,2.160598,-0.43718085,3.9872963,-1.8577464,1.6880534,3.2404857,-0.25829828,3.5827513,0.5177837,-1.4920385,-2.2102296,-3.5847335,0.27204046,-1.8715212,1.0101056,1.5470406,0.61645037,0.2292868,2.1565788,4.1210637,2.5262442,-2.6214266,0.5695511,1.5664968,0.64267874,-0.046344787,2.8031619,0.21768036,3.3772943,-4.760228,-0.9689992,1.353981,0.18187426,1.924129,1.3648331,-2.1872883,0.91774297,1.3393148,-1.8774264,2.7654192,0.11377418,1.2553612,1.5728245,-1.9935325,-2.1276865,0.67615634,1.4045941,-2.2414453,-1.7691545
324,2.1542537,2.9898982,-1.3891407,1.8302646,0.05293628,-3.3592052,-0.8016371,3.4371967,-0.04622162,3.0140467,0.37581044,1.0802311,2.666164,-3.9512923,-0.04865638,-0.97732925,-1.2446524,2.3316417,1.4002267,1.6279249,-3.0464659,0.102437265,-0.5710173,0.814455,1.2602905,5.797102,-1.4258296,-4.8291316,-1.0220022,-0.29552445,-4.7213554,1.6641115,-0.5259642,2.289526,-2.428456,-0.16660371,-1.6141099,-5.3507895,-2.5969954,-0.44149894,1.4320385,-0.28177103,0.7270738,-0.057029497,1.5135252,2.4840937,-0.14547107,2.0221248,-0.9074816,-1.0827395,-2.3698037,2.868148,2.8067567,1.8807684,-0.29951638,1.9437381,0.20216502,-1.5924717,-0.13323057,-2.7971044,-1.6286532,2.2507575,0.6329931,2.1462383,-4.417159,-0.6785555,-0.3563115,1.9831262,2.2658248,-1.9186103,-1.0055752,-0.95014185,1.2873176,-3.6724002,1.2188216,1.2794743,0.21597153,-0.5410998,-0.6037538,4.3801303,-1.8839356,3.1198604,-2.48688,-0.21361122,2.6915147,-2.95106,2.8044777,1.0460149,-3.0405827,-2.8650193,-2.4693794,2.2322233,1.083374,2.7990587,1.7107935,0.34536633,-1.985152,1.6707886,5.0097575,2.8615186,0.13616724,1.6328435,2.525355,0.64770216,-0.48217013,2.9044816,-0.9622334,1.5326692,-4.510042,-1.1085082,1.5074152,-0.3034378,0.952125,1.8413061,-1.6610285,1.9887875,2.3187578,-4.018124,0.65834856,2.5608904,2.1012917,0.8260027,-1.1482477,-0.78647316,0.7002753,0.78523535,-2.6583471,-1.1651242
325,3.6282113,3.1313453,2.0594835,1.6174718,1.6186749,-3.3177266,-2.571756,5.6274304,0.29185852,6.3150983,-3.1699646,0.14399588,-3.0949593,-6.647795,-3.8218143,-1.2391905,0.9911136,2.8916714,1.685615,4.3330307,-4.3552437,-4.3294835,-1.9540644,3.452652,4.7122154,2.900304,1.2641566,-2.9188294,-0.31452373,-2.7875538,-4.7478223,4.140969,-1.8908787,5.236908,-5.269645,-0.3841019,-2.7509742,-7.7142887,-1.8051891,1.1256412,1.9639387,-0.7451732,-2.3133337,-4.4624095,-1.7340587,4.579944,-4.216869,4.2566175,-5.7833085,-3.9883702,-1.0767591,2.87738,5.2732425,2.1101365,1.5088247,2.3724563,0.48722437,-4.195083,2.2772171,-0.5616185,-0.6086407,2.0389028,2.5927541,3.5900664,-5.2925034,-0.14793706,3.350679,3.8396244,4.3556604,-0.12513347,-1.2657636,-1.1456912,0.8827834,-5.991892,2.75852,1.4936333,-2.7151852,0.7906562,-3.910521,3.1175706,-4.0606923,1.6634332,-4.4014544,5.0866804,3.599969,-3.4917908,3.043004,3.9972932,-4.6691265,-1.3218745,-4.966933,-0.9530565,0.7019144,1.3811495,3.6815526,0.28062558,-3.4461937,2.8123972,5.821947,2.5475612,-2.585905,3.2619824,3.936773,0.92721915,2.2194166,3.521929,-2.3269434,-0.022167984,-8.608664,1.3009543,-0.76036054,1.8361304,3.5654905,3.1940737,-3.2707539,2.6305366,4.8285484,-6.0912995,3.7941287,1.6740439,0.18454763,-5.5686083,-1.3500876,-4.970795,4.835087,3.3065915,-0.72874767,-3.572341
326,2.6877437,2.212425,2.615975,-1.3046808,1.4871961,-8.149462,-2.6397057,6.6927595,0.104106985,6.6991167,-2.8320694,3.688925,-7.7683454,-6.042233,-2.2649422,-9.199275,-0.074044354,2.8633184,5.0236044,3.6928432,-8.759001,-7.0255184,-0.12471295,3.9015539,5.031653,3.2283628,-1.1722459,-6.1663246,3.11968,1.0008843,-5.776798,3.5170062,-2.0428154,6.618277,-8.708487,-5.201503,-1.3377988,-9.501854,0.27724174,2.8822808,1.3086611,-4.3679104,-3.409321,-0.0101389885,0.635284,2.9591842,-7.277938,4.7983856,-4.928505,-8.191506,0.58471406,4.965126,3.5331244,1.3730683,-0.91843283,3.818239,-3.6016822,-2.3227453,-0.39592472,-4.638807,-0.98917973,1.9093612,2.4560828,3.7311049,-2.6352088,-2.9994152,3.8707705,1.3794769,-2.032398,-3.9557076,-0.66032916,1.1324077,6.328485,-7.5649433,1.7623142,-0.68496764,-1.7022374,-0.7374173,-5.868751,3.2589037,-3.4309847,5.9112196,-3.5811586,8.503078,9.27353,-2.5853615,10.031549,6.869172,-6.187253,-2.1033728,-3.5515208,-0.8996941,7.98622,-3.8057206,0.47661024,-1.525558,0.25353217,5.1718836,3.9588637,1.5650201,-4.043866,1.3678097,2.1574345,1.885905,2.8275433,7.1035976,-3.8105104,-7.025627,-7.8382673,-0.48097986,0.8139631,3.1828482,-0.90116817,3.4713864,-2.1112,1.4198935,5.28172,-2.416722,3.5084007,2.9449067,-1.2796355,0.27544713,-6.055478,-5.201157,8.758168,7.81449,-1.2796422,-2.8998113
327,0.85628384,4.2782764,2.540924,2.2397938,2.1974223,-7.7902646,-2.554079,6.981278,0.6925644,7.3999987,4.215217,-2.4305613,-0.13129331,-5.501819,-0.63581675,0.05924605,1.0074168,3.8624666,5.6102066,1.8853043,-4.1360054,-2.0710392,-0.2938747,1.9175804,4.5765834,7.5540805,-1.8636729,-4.7159386,0.87007,-0.88578176,-8.821015,4.5224824,-1.8695177,7.152412,-4.357799,-1.050137,-2.1404214,-8.62959,-3.0236967,-0.8359389,-0.49122632,-3.0985126,2.9160545,-0.59190434,3.1786454,3.876431,-3.3197343,1.886402,-2.965782,-4.1808734,-5.5768466,6.193157,3.5572667,2.6836336,-0.73078734,0.5077109,-0.38205966,-2.9791062,0.29440728,-4.3278437,2.328637,-0.5243277,1.9372904,2.6895804,-4.4612193,-2.631395,-2.3638797,0.67532855,6.2452774,-1.2794838,-1.7931142,-1.3133013,3.4534547,-5.3333936,0.83966607,2.0989819,-2.8613462,-1.0267589,-2.5532677,6.895833,-0.29869404,4.766652,-4.612965,1.1603086,5.995271,-6.303351,2.8708637,4.4649367,-4.949628,-5.086224,-5.5116353,2.1361072,3.2680366,1.2719848,0.7398905,-0.025574364,-2.8315537,2.1247056,5.293259,6.0607004,-0.5265258,-4.273919,5.6695476,-0.3641566,3.0313725,6.686054,-1.6552228,-0.86735,-6.5783596,-1.098943,2.11613,3.237935,2.9477708,4.393079,-3.0176349,0.82641536,5.4450655,-5.6370077,1.4002234,4.757754,0.64295644,-2.5886421,0.26275995,-3.2080517,3.2057748,0.9810767,-3.7706375,-0.3360231
328,2.64719,2.9893126,1.1424828,2.5946662,-0.6255714,-5.0338902,-2.963671,4.413646,-0.5061581,3.84963,-1.9230336,0.78939474,-0.21763982,-4.3593135,-1.1625396,-0.9535041,1.937426,4.0929627,2.0511584,5.2385907,-2.9995518,-1.1914004,-2.1463115,1.472958,4.024216,6.5736547,-0.16025883,-3.8586276,-0.37845942,-3.5326376,-3.7259536,3.5144935,-1.0726532,5.472552,-5.0246086,-0.091460824,-2.7768145,-5.36049,-2.5026188,0.63206637,0.10878466,-1.9067051,-0.039374847,-3.4821,1.2408335,4.025733,-0.7207183,1.6669914,-3.3068442,-1.5311245,-2.3640232,5.561257,4.123982,2.8207622,-1.0003489,1.6087186,-0.16444892,-3.6783192,2.6696165,-2.2815068,0.980866,0.97543657,2.295357,3.8895311,-4.8071475,-0.09250773,1.6373035,3.4197025,4.5152597,0.47320518,-2.7860558,-1.4941635,1.7141163,-4.561959,2.6172361,2.6771433,-0.7685133,0.60844153,-4.220008,3.118518,-1.6418272,2.169938,-4.1093054,0.38290688,2.6874635,-4.913531,0.6965506,2.67005,-5.5204997,-1.036183,-3.6196287,1.7021621,0.37084174,3.6582434,2.7036293,0.5703965,-2.1168303,0.21737133,4.890913,3.5482225,0.12984774,0.09199819,3.866482,0.40265656,2.2197754,3.8917704,0.082898274,1.7208128,-4.808713,-0.95411384,0.99495524,0.5808238,4.007469,2.0918446,-2.4508307,1.7478827,2.9036648,-6.258071,0.5412592,2.0268118,0.62482727,-3.8361406,-0.84791344,-4.29692,3.5863397,0.17609149,-1.4471412,-2.695195
329,2.539302,3.3085358,-2.9145808,0.30130088,1.6203843,-5.191261,-3.728263,3.5822756,1.9039379,0.9728085,-1.0099,1.7740015,1.9033881,-1.2534807,-1.464401,-1.4424498,1.9861034,2.7644968,2.8244853,3.463751,-1.8514929,1.2494313,-0.9693943,1.39625,1.5297755,7.51899,-2.3506172,-7.853445,0.3077002,-4.0349774,-6.6850386,0.543015,-1.4189963,5.4312053,-1.5513633,1.6861447,-1.7746236,-6.2729506,-3.9858294,-3.3962712,1.3062501,-0.07360279,-0.8843942,0.5001023,1.9673575,5.511131,-0.484783,1.3742983,-1.9849572,-2.1243892,-4.7366157,2.8121874,3.3005404,1.776853,0.30528852,2.4092152,2.1309671,-3.0822523,-0.69054466,-3.8115501,-2.9382217,0.6650323,4.044145,4.1364217,-4.4020433,0.14089382,0.07626338,1.6155703,3.6904087,0.6816412,-1.2665175,-1.7443225,4.604962,-3.4763258,2.893333,-1.3637921,1.6185746,0.0018627066,-4.017396,2.4186697,-1.6864332,3.4680393,-2.5920992,-1.8872069,2.4739745,-3.9137478,3.7348542,4.2606936,-4.8516006,-4.847057,-3.9147146,1.8625058,0.6027373,2.5927582,-0.72863984,1.1533685,-2.066539,1.1214265,5.7324386,2.2527444,0.5727263,-1.1959056,5.2794404,1.2940087,4.2549143,4.890371,1.6973637,2.181411,-4.5791516,-0.52122307,-0.64789766,1.0131344,2.9511342,3.5498343,1.2196778,2.15489,2.4693964,-5.6164975,-0.13850117,4.3816185,1.4825954,0.4724827,-3.2240806,-1.8604455,4.023153,-0.81474435,-1.9223422,0.44270563
330,4.2491755,2.7232685,0.13280067,-0.72821295,0.1153913,-7.074446,-4.733302,8.477901,3.2281048,11.477347,1.6511418,-0.39325607,-0.20195985,-6.644228,1.559018,-4.3323793,-0.8278299,3.566078,4.0648274,2.9490387,-4.28737,-8.551181,-2.5290797,3.6123204,7.6716013,9.631763,0.16937926,-6.6376805,1.3164731,-1.5401855,-9.19607,3.4235086,-2.8685179,5.083235,-6.56354,-3.7914357,-3.5361464,-8.708448,-1.6643084,6.2646236,3.5891817,-4.138883,-0.1638288,1.8314707,2.9637477,5.85102,-6.749018,2.131537,-5.453268,-6.988821,-4.4186616,8.833455,6.107091,-0.1420062,2.6749268,3.9382353,-2.8265607,-3.316737,-1.5126004,-3.4822195,-0.8501753,1.01528,3.2635794,0.29369587,-4.211012,-4.7557683,-1.33592,-0.011371408,1.5151618,-5.845162,-2.7845209,1.825546,2.2967815,-7.1879063,1.906584,2.8150506,-3.005165,-1.4747568,-2.5144353,3.8502316,-0.74773145,0.6633853,-4.8729076,8.523723,7.698965,-3.936352,7.633094,6.6183333,-3.4515576,-0.8406565,-9.9990225,-1.7952048,4.332482,-3.4784675,0.56364524,0.86266834,-5.157125,3.176167,-0.43116158,7.3210945,-2.9496193,0.8401918,3.8930347,7.349275,3.451332,4.9018693,-3.6327024,-5.353044,-9.246416,1.9111955,3.9627833,3.7053192,0.26812583,3.0248034,-4.783899,3.9994814,8.582299,-6.414857,2.5839555,5.4487376,0.6043708,-3.7158084,-1.7323638,-8.098796,3.7890995,3.372208,-3.0023904,-3.8383608
331,3.199182,3.8372023,-0.67836696,2.7082117,-1.0833799,-4.9799953,-0.2944964,3.535679,0.021371672,5.08792,0.5172524,1.3751789,-0.6474523,-3.8182673,0.2679723,-0.5047962,-0.99504167,2.8989706,1.8174571,1.9533622,-5.127657,-0.1833282,-1.6196381,0.5363871,2.1581697,5.901317,-0.81514215,-5.067752,-0.20488107,-0.1693025,-3.5696526,3.881609,0.7397101,3.3583438,-3.4381037,-0.7931458,-2.0481646,-4.9457564,-3.5029125,0.6759147,1.9127297,-2.73708,1.3194467,-0.69205934,0.979674,2.735799,-0.0966905,1.7203122,-0.34404224,-0.4758605,-2.4174187,4.0797005,3.4322412,4.2256417,-1.9768901,0.9042557,-2.4904997,-2.0757737,0.54725224,-3.474561,-1.1331899,1.3545943,1.0225737,3.2434473,-4.8341026,-1.5872607,-0.66796374,2.5117307,3.265261,0.22977912,-1.4757148,-0.6894732,1.8951911,-4.929576,1.5831556,1.6218791,-0.9040526,1.3489854,-0.5637747,3.8870065,-1.9443803,2.4647956,-1.6368237,0.1939511,2.6365123,-2.5804296,2.5400348,1.6472336,-3.883167,-0.7230252,-2.728045,0.24675499,3.4948218,2.7711535,2.2680726,0.21674764,-0.8208092,1.5327197,5.435186,2.843656,-0.73531723,1.2603166,2.7710068,-1.0137001,-0.61617774,3.6502078,-2.2344,1.3701062,-3.8952963,-1.3105904,1.0570138,0.9071582,1.1365589,3.8042974,-3.788106,1.8737819,3.0916798,-4.988862,-0.34898353,2.712841,0.9146809,-1.8056331,-1.9494611,-2.8476992,2.2941883,1.5740266,-3.3568666,-1.005871
332,1.6453986,2.9263506,-1.2300681,1.817043,1.1003293,-2.7591712,-1.5079411,2.2865021,-0.15687917,3.340337,-1.2870196,2.7711484,-0.24229695,-4.9959445,-2.1819906,-2.0276675,-1.0370901,1.8224773,1.6407338,0.91113645,-4.693441,-1.1813803,-1.7728456,2.8306463,0.88474154,1.944906,-0.790824,-4.2531533,-1.1755093,-2.5146964,-4.036537,1.8825417,-0.5434626,2.9131463,-1.1383907,1.7356248,-1.0078111,-3.7657363,-2.7935672,-0.6000405,2.4047751,0.19310531,-0.6760234,-1.0304753,-1.5431762,3.0572143,-1.6129302,4.0173917,-2.03739,-1.583036,-1.9588252,1.9184134,3.3543224,-0.14533056,0.7853753,1.1593614,0.69726455,-2.8100317,-0.52450454,0.7401211,-2.1048622,2.1900835,1.5496546,4.277093,-2.6790998,-0.18567747,0.65940297,2.256176,2.6912003,-1.476793,-0.60732406,-1.653624,1.5336199,-3.4275002,1.1133213,1.0431781,-0.20892122,0.25001198,-2.5406284,1.8020085,-2.9433508,3.0806425,-2.1081421,1.8248247,3.1117127,-1.0978626,4.8890615,0.23646697,-2.688996,-1.9645556,-1.9799106,0.075461015,-1.7510302,1.4834269,2.5611942,0.71707726,-2.3991017,3.5989537,4.8171263,0.07196157,-2.3185844,2.2085984,2.7255347,0.6119689,0.4168471,1.946533,-1.2207763,1.7413753,-4.9072165,0.06880917,0.48906395,-0.14003626,2.402833,2.0214546,-1.8544402,1.1806171,1.9894727,-3.2250364,3.090766,1.1288364,2.510827,0.13777895,-0.73939127,-2.5806458,1.474876,2.5272372,-1.6130823,-1.3363333
333,2.8386292,3.327353,-1.0226905,-0.07492336,0.018030958,-0.42929894,-2.0393505,3.8968594,0.82304996,3.3509398,-1.4592236,0.67268586,0.07108034,-4.2958183,-2.527333,-0.15350011,0.35187104,2.6922135,0.91227245,3.0288718,-4.3917413,-1.904126,-0.71292216,0.07022584,2.230546,3.3476665,1.4852419,-3.2999346,-1.2008564,-0.73963726,-2.3148656,1.9633423,-1.4600791,1.5450574,-2.5178366,-1.1014588,-1.9001896,-7.3377924,-2.2148423,0.2697521,2.2553728,-1.3325098,-1.2955606,-1.8313923,-1.6475389,2.9457572,-2.2209532,1.3125844,-3.3952346,-2.639744,-1.7505506,1.4050903,2.3499086,2.3698335,0.9544292,1.6974479,-0.37783936,-1.4664514,0.96796477,-0.17831159,-3.626893,2.1657372,1.8032656,2.6486201,-3.7577906,-0.8732283,-0.51580995,2.0317032,2.969389,0.73852664,0.005307056,-1.339406,0.42334047,-5.537925,3.447384,0.9278799,-1.53489,1.1767261,-0.9039946,1.9424084,-2.0378501,2.7780173,-2.6687555,2.2548583,2.1725914,-1.529076,2.8342829,3.2849064,-2.4974458,-1.3951579,-4.780697,-0.43563575,0.397012,0.82925665,2.1118104,-0.27275592,-1.2850673,2.5673702,5.560859,2.5278986,-2.0832257,2.9780557,2.9768293,1.418182,-1.5188913,1.9299749,-0.9886749,1.1754878,-7.2820525,0.48590395,-0.5896828,0.5479908,1.6858809,1.8146282,-2.344953,4.0602574,1.078689,-4.576099,3.0828404,2.260678,1.5441686,-1.4236231,-2.308859,-1.619419,3.1487095,1.2506822,-0.30158004,-0.84881985
334,4.2914166,3.465527,0.47461486,0.5014429,0.3754452,-1.3269722,-3.348676,6.5084486,1.2518046,7.635983,-0.6882394,1.0619348,-1.1527922,-7.0625286,-1.7299503,0.25096518,-0.48202583,1.9129759,-0.18114828,3.608806,-4.6664176,-4.342034,-1.6795335,2.3317199,4.364516,4.3759513,2.8202636,-5.3339515,1.213033,-1.919041,-3.966055,2.668126,-1.0890359,2.5883796,-5.2118354,-0.6226407,-4.0609384,-8.730881,-1.9807613,2.507179,3.3273125,-2.913805,-1.2054538,-0.6244795,-1.2343765,4.3084683,-2.2689564,2.3437667,-4.3402467,-4.1770763,-1.4320623,3.5603704,4.9432487,3.281429,0.8765974,1.6960486,-1.8138621,-2.4150481,0.83010674,0.42173755,-0.44590157,2.7893991,2.6280222,3.8451405,-5.406982,-0.8460778,1.058643,2.837596,3.881567,-1.3516653,1.196382,0.16263004,0.08313514,-7.336596,2.8524325,2.089439,-2.5371008,0.119287424,-1.6440754,5.3112817,-2.1843977,3.4080243,-3.7174633,6.5686073,3.0336382,-3.7416887,5.4492097,2.8002522,-3.408441,-1.591499,-6.5684133,-0.47769272,0.6710428,-0.37207615,4.304685,-1.2671509,-3.4322517,5.072665,5.0047216,3.763808,-3.433958,3.5727055,2.7754538,1.5247815,0.39819843,3.086582,-0.39010417,0.6227933,-10.202523,1.3535514,0.8854726,1.3809371,1.2423002,2.1775494,-1.1560298,2.030514,4.7639375,-4.8153467,4.5045447,1.4312884,2.6325917,-2.7565808,-1.8743476,-3.3709507,3.3826048,3.0342946,-1.731898,-4.0394073
335,3.1043098,3.02605,1.3720818,-1.9236869,0.8338741,-7.093372,-3.119956,11.262843,1.6488751,10.10104,-1.6800904,0.29238883,-4.4784813,-4.7666593,-1.4476191,-3.4211566,1.6098809,5.6002455,2.4258769,4.4531755,-4.227303,-9.3087845,-3.108335,0.73808944,6.226225,6.6936016,-2.7534635,-4.2855773,1.3844696,-0.41249362,-7.146585,1.7882007,-1.6236165,7.6594744,-4.5164876,-5.7550693,-1.5527885,-9.263532,-0.43426132,1.1294173,-0.46313316,-1.5460815,-0.7386283,4.9546275,0.04640569,3.194263,-6.52383,2.9259968,-5.465042,-6.658134,-4.164744,5.352778,5.9152813,1.6549116,0.16105606,2.9957936,-1.2731476,-3.5307906,-0.8038018,-7.3925543,-0.41868952,-0.7447165,1.1283101,1.6645783,-4.102409,-5.9794545,-0.7964267,0.036595426,2.4952667,-6.246322,-1.8627228,-0.5124794,5.4714556,-12.877583,2.5014195,3.895437,-2.1547375,-0.29318085,-3.7426598,1.0064467,-4.2815213,1.2052144,-3.5150476,5.7275376,8.129833,-2.3963244,7.6809335,3.8857548,-2.8397882,-0.41630998,-9.257507,-4.0256243,4.8145003,-0.57401955,0.2349106,1.0600183,-4.740971,4.3971605,3.1897986,5.962525,-5.0647306,-0.88276196,2.9314911,5.5788326,3.520011,4.4890876,-5.329893,-2.7647593,-6.528835,0.9020723,2.97563,4.0459194,1.6510243,4.3946705,-5.4666357,3.5537179,9.014612,-5.065419,0.5142448,4.4648504,-1.0842701,-1.2645614,-2.000295,-5.7593966,9.120817,4.445351,-2.6427069,-0.9029101
336,2.6865108,2.8738275,-2.527772,2.3761256,1.7876931,-6.3594537,-2.1289928,2.7613018,0.8798808,2.33838,-3.3937652,1.5295006,0.3898571,-3.5466504,-3.4859545,-3.3653138,2.4275763,4.3860717,4.6516523,5.0083838,-1.9680929,-0.7107816,-1.791222,-0.17765507,2.685311,8.423948,-1.5809808,-5.750492,-0.5507545,-2.7671797,-5.142814,2.424862,-2.1382015,6.6339016,-2.1287715,0.36632144,-1.4001374,-5.9671254,-4.7304807,-0.3755269,0.03385655,-0.34617472,-0.41789797,-2.0732193,2.1094456,6.2509933,-1.9980817,3.2139013,-3.0242243,-1.8722535,-2.5318806,3.6041596,2.9634633,3.1397097,0.076649934,3.297165,1.425662,-3.21283,0.27311596,-3.0704567,-2.7120686,1.276879,2.2077928,3.9269712,-5.007675,-0.015049563,-0.16924717,0.74453044,3.844992,0.7634988,-4.465057,-1.8108894,2.8509579,-4.2409916,2.14626,0.45361274,1.9150782,1.2681719,-4.532256,1.9213716,-1.973345,1.8312258,-1.1583576,-2.4893959,2.8768165,-3.7241423,2.6598208,3.6141856,-4.416781,-2.9864817,-2.954267,1.0748907,2.5273347,4.1417756,-0.4149608,0.31577638,-1.6658005,-0.4240667,7.7389355,2.147482,0.74479467,-0.26748627,6.045987,1.1457062,3.2273989,3.003464,-0.54244834,1.1416104,-3.8340895,0.11971595,0.4670643,-0.45088634,4.947095,2.8150136,-2.0954814,3.234247,1.4566131,-6.568064,0.59429437,4.218724,1.4678115,-1.6941837,-3.0326161,-3.599312,4.174935,0.28859696,-1.7506421,-0.1674869
337,1.925484,3.3521783,-1.5466955,2.5176854,1.9449723,-3.7736845,-2.2487001,4.4702725,1.9949348,2.8615794,-0.66791105,1.8603469,0.17734441,-3.018827,-1.5686238,1.5397178,1.2005451,3.3260825,3.2934868,4.558508,-2.494729,0.932768,0.2871973,1.9670401,2.3605003,5.687437,-0.5119972,-3.4904113,-1.2819773,-2.8033,-4.087549,2.125143,-0.35149193,3.9644642,-3.5218697,-0.1871835,-0.99791217,-5.1010785,-2.1267042,-0.48522204,0.020255163,-0.4194143,-0.60261375,0.6168045,1.5797106,3.0865173,-1.4674779,2.7739503,-0.5572457,-2.4864633,-1.5457405,2.8999295,3.5888107,4.193458,0.4536686,-0.18255436,0.85153246,-2.7297158,0.23714219,-2.7756107,-1.4555587,1.3516728,1.9221957,2.3133764,-5.871304,-0.5198464,-1.0803581,2.590235,2.1594186,1.2936028,-1.9490746,0.33835596,4.052608,-3.7313864,1.4699006,0.02371139,0.10725189,1.9215511,-2.4907787,2.2183557,-0.6059421,3.878876,-1.7793329,-1.5678103,1.6211231,-3.924775,2.0378127,3.7990553,-3.0549502,-2.0196693,-2.9855244,1.0485893,2.0304284,2.6187565,1.4044917,1.6932571,-2.33107,1.543023,6.391812,2.0914867,0.53419745,-0.15257499,4.4453526,-0.44486737,2.956983,3.1971917,1.03947,1.4995428,-5.496491,-0.59720993,0.2613965,2.5102375,1.4771867,4.184518,0.25000438,1.7724001,2.110092,-5.46327,2.0303788,3.480935,1.2202584,-0.30899557,-1.1556343,-1.012292,3.4850228,-0.45798454,-1.7487259,-0.01178021
338,2.4454777,4.3538423,-0.7158867,3.2093594,0.24576972,-5.731351,-0.18474936,3.1024349,0.0024444293,4.304018,-0.8192896,1.3260498,0.72112215,-4.352549,-2.4977188,-2.5631812,0.7874529,3.3948827,3.0819132,3.7402523,-3.369668,-0.77146626,-0.66574436,-1.9139237,2.7619474,6.750426,-2.5895288,-5.3493676,-0.7631985,-1.6455482,-3.3636975,1.6368093,-2.3845336,5.076146,-2.7198675,-0.03951566,-2.3562315,-6.591013,-4.619219,-1.0050867,-0.5277316,-1.7952709,1.1204859,-1.1989908,0.6290691,5.379482,-1.5109966,2.4172852,-0.7311971,-0.5272111,-2.483598,5.5995684,3.9784489,3.9419127,-1.4953551,1.8885112,-0.13484384,-2.5836003,1.3701398,-2.0284345,-1.06063,1.4287447,1.3526237,3.6413422,-4.3724003,-1.378738,-0.45509005,1.3273355,3.4883974,0.2332708,-2.5344355,-1.6921196,3.0995898,-3.9009175,1.6916834,2.0246685,2.017448,0.13590124,-1.9485768,3.6826606,-1.8555306,3.6889226,-1.4610397,-1.1134387,2.5492537,-2.8965833,3.5319145,3.0017238,-2.3430035,-3.618068,-1.6433586,1.0983883,1.4305471,3.9241645,0.86995035,-1.3692055,-0.46926367,1.3458349,6.7417755,3.1818254,0.08934529,-0.5412294,3.7226973,-1.3030689,1.3618861,2.2743568,-1.5621847,0.6295776,-4.7042894,-1.7413654,1.6119803,-0.20437175,5.0397606,2.7821786,-3.425531,0.8468473,2.1552994,-5.942507,0.95065963,2.7815912,2.2434044,-0.19023784,-2.4677527,-1.4068702,2.2188165,0.6132093,-2.0741427,-0.50731975
339,3.097384,0.5460446,0.2973699,-0.7318377,2.1809847,-4.098492,-3.3880532,8.889398,1.9023372,7.8498383,1.0472709,1.2989582,-0.42931905,-7.9087133,-3.8926764,-3.6629848,0.3333111,1.2130448,0.97398967,1.0334817,-4.494325,-8.216079,-2.4475088,6.036879,4.963686,4.4510365,0.2664301,-9.064014,-0.3638142,-0.34731594,-10.275738,4.2329364,-1.0045216,4.5901623,-3.5180056,-0.71485645,-4.226226,-8.61704,-0.28037152,3.179912,3.6646545,-4.471464,0.11716098,2.3918772,-0.4322309,4.286202,-3.8719673,3.037212,-5.0250816,-7.2042494,-4.752539,3.1193144,4.935985,-1.2511135,1.1263297,2.5956767,-2.3494706,-4.241544,-2.5429845,-0.35551295,-1.8525182,1.5697846,2.2157483,2.9496658,-3.5432153,-2.2878437,-0.6577547,0.8171104,5.978995,-6.494286,-0.67185044,-1.2428291,2.1038682,-9.472511,1.8747617,2.0672023,-2.3085287,-0.70296764,-3.0627394,5.206834,-4.998128,3.5414119,-5.3842206,6.2285733,5.7448387,-3.5170019,8.829947,4.022788,-3.8749511,-1.7992663,-7.1344953,-0.08112439,0.9004817,-0.40813008,2.916724,1.5764451,-7.481791,6.5953155,3.7336085,4.7975225,-5.098418,2.1583192,2.8003013,4.0273147,0.653753,5.465075,-3.8015308,-2.1923907,-11.988865,1.5527862,2.437698,2.648096,0.3557868,3.403774,-1.6725832,3.6176732,7.7786407,-1.9984376,5.4592314,3.2617702,2.2498102,-0.16491406,-1.2651179,-4.863984,4.868907,3.7219086,-2.7843006,-4.0873165
340,1.8442055,3.0773704,-0.16844065,-0.60514903,0.60978305,-5.159818,-3.821673,5.972122,1.3958479,4.53649,0.6140854,-1.1521198,3.2967167,-3.0946343,0.56346005,-2.703291,0.4182062,3.0908647,2.520347,2.68803,-1.7623348,-1.1838222,-3.2898827,1.5180835,1.5294503,6.83093,-4.4447594,-4.6144767,2.0959039,-2.960997,-8.839963,0.9679109,-1.6689233,5.2882986,-3.1316776,0.44687206,-1.9504528,-5.35215,-2.248766,-1.0519544,0.70370007,0.13779342,0.36850265,2.3109252,3.4477918,4.686522,-1.8798059,3.3191826,-1.5841439,-2.3305008,-4.003055,4.3301163,2.6804385,-0.9363086,1.162068,2.416441,0.41273808,-2.242234,-1.2539067,-4.897354,-0.4005735,-0.11312057,1.7186152,2.0205564,-2.726343,-0.7017705,-0.5944239,0.23315147,3.607514,-3.2227046,-1.172111,-2.2039392,2.544369,-4.132114,0.80783767,2.4717836,1.5184283,-0.57086104,-3.652879,1.9658165,-1.6185464,2.2914124,-3.5734804,0.5225986,3.7676435,-3.0427063,4.2783027,2.498001,-2.6736562,-3.6248233,-3.6467361,2.5502698,1.7799575,1.6191502,-1.3315407,1.2548022,-1.3976735,1.9689721,4.324911,4.9427114,-0.64321756,-1.788434,3.3641675,0.6277545,4.423819,4.651903,-1.0431987,1.413861,-5.4973927,-1.768633,0.6816115,3.0403492,1.0791631,3.22795,-1.4501822,2.7307715,5.1424675,-4.02583,0.5509195,2.7128842,1.192759,0.057386078,-0.7439097,-1.9951574,1.7963618,0.04386169,-2.04045,-0.45299268
341,2.8992937,4.836358,-1.6571422,0.6230872,2.3192382,-2.010986,-2.395183,4.6971054,1.8040644,2.8292916,-3.3603544,0.9873776,-1.515746,-3.7541964,-3.4007895,-1.1392088,1.5349592,1.2488148,2.2070746,2.1044905,-5.7145076,-2.8207023,-1.2541635,1.0664896,2.092291,3.0589511,0.64319116,-4.7589293,0.2114937,-3.1930966,-2.6427898,1.490227,-2.1416452,3.1483233,-0.035937198,0.08521461,-2.175762,-6.2058096,-4.2968273,-0.7401306,4.0001025,-1.2724693,-0.9508195,-2.1794088,-1.7081769,3.2992685,-3.9724188,2.9033363,-3.627235,-1.3426294,-2.3505414,0.5565069,3.6587946,2.6058114,1.416308,2.7891812,1.1915627,-0.9201541,0.14748551,1.0274006,-3.55126,1.4490446,2.4918914,2.73923,-3.766132,-1.3056221,0.501571,1.7196991,3.9244988,1.7535853,-1.2563571,-2.589883,0.64098555,-5.235431,2.3807983,-0.20657805,-0.4554503,1.4161587,-2.4255247,0.9856413,-2.6687217,3.0143507,-0.9095845,1.997224,1.1996017,-2.5446584,4.8130994,4.2951007,-2.7763014,-1.4733752,-3.132226,-1.8284361,0.33564216,1.0890853,2.3285034,-0.5189983,-1.3239344,4.9472775,5.643727,0.99384683,-1.5873272,1.8902818,4.2822084,0.6155804,-1.0623,2.8695505,-1.1633161,0.5263581,-8.15602,0.52938104,-0.27763656,1.739159,3.294288,2.2749217,-2.920348,3.5649045,2.528988,-5.201418,2.9994295,3.005636,0.80878323,-2.0399175,-2.926762,-2.8120944,3.366375,2.1837368,-1.4832907,-0.3488797
342,0.46971393,1.956255,-0.010114882,2.913499,1.891919,-5.0316043,-1.4169259,4.3714924,1.0093446,4.0144672,-0.97545165,-0.13236983,0.4953952,-2.6767874,-3.2989469,0.55887866,1.1584924,2.9383705,3.1833963,3.334077,-2.338569,-0.52714735,-1.5417882,-0.1497255,3.6943188,5.450095,-0.9026161,-3.4657633,-1.1398197,-1.1153373,-5.0902963,3.9725907,-1.1242801,4.5770597,-3.3468611,-1.1945297,-1.3753151,-6.5482216,-2.236684,-0.46424907,0.44746488,-1.3320282,0.6672266,-0.77956104,1.716049,3.462546,-2.6685615,1.6079642,-3.0140896,-2.9686542,-2.2216792,3.7824202,2.3534663,1.301644,-0.3925268,0.22153646,0.90473807,-3.533393,-1.2309345,-2.8188703,0.48620647,1.3364477,1.317573,1.5268705,-4.4792533,-0.85743034,-0.65802664,0.54132354,4.5254245,0.21407947,-3.159471,-0.4263071,2.0470507,-5.245571,1.648677,1.203458,-0.86077493,-0.50417894,-2.4064286,2.9820147,-2.6658394,2.006149,-3.2744288,-1.0719839,3.2501612,-4.176621,0.74680954,3.2394617,-5.1269403,-1.7171748,-3.2753446,0.9096117,1.1248097,2.87513,1.3725592,1.6123283,-3.3913138,0.873599,6.058812,2.4757285,0.96071994,-0.08246395,4.148496,0.5662623,1.8954262,2.930922,-1.5152653,0.484364,-6.091813,-0.5517696,-0.36354852,0.665535,1.5864551,3.2146456,-1.9270974,3.546462,3.248118,-4.859574,1.6743064,3.3193882,-0.20058423,-3.0240953,-0.4079012,-2.8333125,4.006389,0.7441733,-0.79069245,1.8581847
343,1.5877733,2.3525128,-1.5281478,-1.6746455,-1.2145925,-5.9213185,-4.4750147,7.0635295,2.8612077,6.2801065,1.6644609,2.76197,0.8738148,-4.634441,-0.4531122,-0.8809618,-0.896752,5.133384,0.9034012,1.8230487,-4.4822526,-3.8550837,-2.0987287,3.8677862,2.5154436,5.365269,-1.2092694,-5.862245,-1.0951742,-0.3174543,-6.9315815,1.6665597,0.09798038,3.0260313,-3.0471137,-1.8631356,0.026760034,-6.5078993,0.019289654,0.0405685,2.6586933,0.5144019,-2.1009653,3.0371315,2.1224208,4.7029204,-3.6396105,1.9949733,-2.7852445,-4.690858,-4.8515882,4.0069423,5.5825424,-1.6042588,1.8772193,0.9172408,-0.9627318,-3.7665315,-3.651168,-2.8764148,-2.6113958,2.2233567,3.9969597,2.3422387,-4.27734,-3.8455973,0.38674235,1.6264926,-0.23349968,-4.992448,-1.3504344,0.8976438,3.2952933,-7.2682557,1.423245,2.4273827,-2.5476775,-1.27003,-1.2592789,1.5906577,-2.7111099,1.779169,-4.7105365,4.601749,6.435008,-1.4548856,6.9282327,2.8144348,-3.6794267,0.20770784,-8.507844,-3.0832636,0.04908233,-1.5112003,1.0736078,2.3301194,-3.0355759,2.9263842,1.5429801,4.4233255,-4.316251,1.4821235,3.266592,7.353415,2.323213,3.2590108,-1.9972954,2.2323465,-5.4814415,0.059136283,-0.4116519,2.706791,-1.3609651,4.181492,-2.185721,3.7250953,5.695064,-4.0634093,1.1808816,4.532622,1.4029124,-0.39222077,-2.446394,-5.8021684,2.4311974,2.1410942,-1.9194678,-0.16161098
344,2.5395398,3.7542946,-1.0242805,2.170756,-0.5526561,-3.0439708,-2.0734584,3.645717,0.6038938,4.9526796,-0.65810347,0.45751902,0.5343867,-2.9128783,-0.08412496,1.8335336,-1.4362853,3.1275072,2.0168378,2.3738291,-4.7011757,-0.37447768,-0.6113765,-0.04286421,2.672864,6.654678,0.30176753,-4.12094,-0.5369368,0.08350718,-3.2740054,2.8138993,0.105781645,2.2324615,-3.9818263,-1.9965831,-2.0395179,-6.829642,-2.8879337,0.7452802,2.1609652,-2.009897,0.18778603,-0.6636862,1.1159657,2.9141498,0.27798703,1.4884259,-1.2542953,-1.8894727,-2.9393795,3.2542777,2.7812657,4.106746,-0.36958545,1.0359839,-0.89174354,-0.65827674,0.2867888,-3.5454266,-1.4065207,1.6761141,1.6681428,2.4419713,-6.3605976,-0.540495,-0.18006125,2.645215,4.001071,0.421886,0.10434507,-0.7356868,0.51458555,-5.6585903,2.5442963,1.1301742,-1.6538447,0.11166156,-0.2738916,4.578652,-1.2845172,2.6301627,-2.2490613,1.5993993,3.5544863,-2.5677228,2.9183526,1.5721722,-4.6431937,-2.810626,-4.829153,1.1984253,3.4044688,2.1110299,1.9011912,-0.28337234,-0.96876544,2.4461539,5.834749,3.0474637,-0.7105156,1.412611,3.5412464,0.22875221,-0.13078797,3.2764146,-0.9958086,2.0970943,-5.1007304,-0.7633125,1.035924,1.0893468,0.88801056,2.5647614,-1.7992291,3.701371,2.3452244,-4.5225883,1.1519482,3.1312745,1.3723189,-1.5813025,-2.0610385,-2.132372,2.5131009,1.7062885,-3.0806959,-0.28309852
345,2.6107788,4.443428,-1.564786,0.35931695,0.06425438,-4.86116,-3.05046,4.243902,2.429256,4.421138,-2.2563505,1.5653996,1.3071405,-3.6288965,-2.3125904,0.058829293,0.9363826,4.6345353,1.7058289,4.4028273,-4.252368,-0.80687386,-1.6067324,-0.5140863,2.4134822,7.201583,0.47586092,-4.222128,-1.155777,-1.9485096,-2.6373467,2.2952235,-0.08336147,4.2857537,-4.2697883,-0.8644967,-4.173084,-7.773168,-3.5006504,0.10727684,2.0244055,-1.3900723,-0.9631917,0.52473897,2.4787354,5.6106825,-0.85765576,2.1326637,-0.7128272,-1.3836313,-1.5215887,4.9629955,4.7114344,4.8865333,-0.29599643,0.5165987,0.56675196,-1.8389568,0.09148523,-3.477494,-1.3837029,1.3439461,4.495169,3.0818646,-6.185514,0.81601495,-0.5790804,2.086165,3.5435238,1.0459701,-1.0702777,-1.3822769,1.3550478,-6.5668015,3.6249125,1.9981475,0.7065783,2.0616968,-0.99318576,2.4795673,-1.5380068,2.7382276,-1.8339645,-0.5856055,2.7609184,-2.8340073,1.8725972,3.1347432,-3.9852028,-1.8705754,-4.2550774,0.81174815,0.7592673,3.2254736,-0.11184332,-0.41599175,0.34519315,1.4812388,7.982201,4.2599154,-0.48008364,0.6986066,3.6118834,-0.7974683,0.575194,2.5296803,0.20870987,3.651261,-6.2144446,-1.4678934,0.42962515,0.8895717,1.6147056,3.2779539,-1.8496449,4.6809063,2.037551,-4.9604354,0.7995788,2.3445892,0.88546795,-1.7779323,-3.7787933,-1.9141918,2.9861124,0.36051196,-1.7879033,-0.63246495
346,1.8952216,3.0492506,-1.2853482,1.4095365,0.38813806,-5.4269967,-2.274845,3.917305,1.0058005,3.6022727,-1.3659701,0.5216469,-0.29535732,-3.351146,-2.7759194,-2.2776494,1.4654324,3.0901916,2.8324022,2.0535378,-4.3714976,-1.3390324,-3.5818179,0.694399,1.4339659,6.3061037,-1.9942515,-5.139858,0.70543194,-2.5986438,-5.002904,3.376734,-0.11094912,5.7691073,-2.409589,1.585269,-2.845734,-6.095159,-3.4805198,-0.61629707,2.648799,-1.8857329,-0.1997829,-1.8681934,2.9202867,5.461126,-1.1309694,3.4816496,-1.9544575,-0.5573365,-3.8092623,3.2479358,4.1435866,2.8226085,-0.3574759,3.0430024,0.24793632,-2.5559795,0.07631393,-2.1354306,-1.7839441,0.6349097,2.9467769,5.3632855,-3.7481484,-0.18602201,0.1515634,2.2693014,4.8425846,0.16342759,-1.7982937,-3.374071,1.2101742,-5.7763042,2.0482001,1.5843557,0.16554612,1.4984924,-2.8968065,2.1018212,-2.5693364,1.4568014,-1.5648868,0.2655927,1.8753569,-1.9762689,2.6488085,3.1935863,-5.3312764,-2.3927398,-3.4173753,0.03145081,2.7520623,4.260587,0.4327848,-1.2241569,-0.30058897,1.6224806,7.0775948,2.1473422,-1.1222249,-0.063412,4.956371,-1.1292123,1.1775867,3.781972,-2.64983,1.7540125,-4.50158,-1.0469097,1.0023049,1.2722057,4.0433965,3.6663396,-1.9655788,2.9712234,2.6877704,-4.567388,0.28486165,1.3953102,0.7616895,-3.21454,-2.485075,-3.6024323,3.0958197,0.719964,-1.5734231,-1.6748391
347,1.8580849,1.4098382,-0.5013584,1.3710736,0.4316927,-4.7403584,-2.6653693,3.6627078,0.5752106,3.5980299,0.16347374,1.3806484,2.6465273,-4.9367924,-1.7408156,-2.3419685,0.880268,4.182745,2.3631165,2.0152664,-1.637042,-0.6764195,-1.6766967,2.6375413,1.6148211,5.633103,-2.641168,-6.219455,-1.3144238,-3.041383,-6.693243,4.014317,-0.33908692,4.380891,-4.1635714,-0.15055072,-2.4752905,-5.005175,-2.821726,-1.395537,1.4058096,-1.8372324,-1.2404169,-0.9047316,2.3006873,5.709581,-1.7307342,4.004861,-2.3961136,-1.2347091,-2.6766772,3.61615,2.734171,-0.76656383,0.9525019,1.7992054,0.9955035,-3.926985,1.4015999,-2.4867015,-1.6431323,0.36447388,3.2426934,2.698297,-4.3277473,-0.29499274,0.46063018,2.193947,4.1526494,-1.0304755,-2.3650935,-1.6193161,1.5849825,-3.7396646,2.1086435,2.4444036,1.2150892,1.9156077,-2.4477634,1.3578632,-3.3452713,2.903852,-3.2603617,-1.8207842,2.1968217,-2.4391181,1.5800341,2.8420484,-5.3934083,-1.6962174,-3.3061275,1.4896072,0.36362344,3.5666595,0.41489935,0.65428466,-2.8523395,0.017905056,6.693545,2.5903146,0.3614898,-0.5683136,4.406718,-0.4800576,1.6829351,3.8913832,-1.0841261,2.3229437,-5.590414,-1.1130446,-0.5545846,1.0124031,3.5166538,2.3732839,-1.2568989,2.0292683,2.6317694,-4.109501,1.8078452,1.5560353,0.76307166,-0.9011947,-0.4430458,-3.5976481,2.59564,-0.37647855,-2.3437817,-1.6228262
348,1.6222897,4.185445,-1.0541372,2.3999045,2.1226687,-6.9938407,-1.6593746,2.317086,-0.02256171,5.8145156,-1.443863,2.8348327,1.4117384,-4.545114,-2.4932399,-3.8478203,-0.1439132,2.04908,3.1128018,2.1991549,-3.5348127,-0.99499613,-2.4486365,1.804283,0.84375,7.3005996,-3.116854,-7.8695574,1.496261,-4.598469,-5.2787905,2.1809916,-1.6970317,5.7790856,-1.9611685,1.7207587,-3.2261872,-5.462088,-4.624567,-1.2979071,2.0634766,-1.2506709,0.2707066,0.79928976,1.5395924,6.6168404,-1.9910119,2.8451014,-0.2916987,-0.35642052,-3.3306732,3.7807312,5.1183047,2.2108822,-1.9792392,2.0663092,1.5968685,-3.0771375,-0.2652268,-1.8979175,-1.4991107,0.78399307,1.7138493,3.1065474,-3.280698,-0.0588676,0.71640587,0.87967527,4.0642867,-1.9750663,-1.7692412,-0.5334928,3.6902869,-4.3104324,0.13086042,0.16757414,2.7215824,-2.011333,-3.3145728,3.6700563,-2.1166506,4.145608,-1.7903057,-0.6577518,3.3499942,-2.7022665,7.303573,2.948957,-3.676841,-4.920136,-2.9253738,2.790391,1.2618606,3.06443,1.7025964,0.08445602,-2.3024282,3.3549442,5.241257,2.0046263,-0.6688818,-1.538439,5.5371823,-0.3581322,2.8301513,2.341333,0.085793,1.615997,-7.3788533,-2.9700584,-0.06539905,0.2510359,3.786808,3.9812512,-0.9047602,0.24714561,3.5203693,-5.532603,1.0633003,3.3676577,2.3868065,1.409855,-2.4086387,-1.6940128,1.0554055,1.4056848,-4.0972753,-1.0031941
349,5.7219114,4.0711765,-5.3751493,-1.6078533,-0.6560864,-2.4245534,-4.0691304,7.0422816,5.38853,6.578116,1.276964,2.3969367,1.6103096,-6.816448,-2.2139535,0.518656,-0.80479884,6.009961,-1.2276677,6.912464,-4.105733,-3.423547,-0.8858564,3.291336,3.7910638,7.5718017,3.3440187,-8.91099,-1.6104621,0.64690167,-6.949665,3.0566893,1.3646513,1.049178,-4.9617834,-3.9279456,1.0988263,-9.446692,-1.6286744,2.8642752,3.773291,-1.9303548,-1.5964099,0.7082643,-1.4513607,2.9417093,-3.9868438,-0.29603022,-4.628057,-6.31933,-1.7589194,2.4840605,5.088255,2.2508254,2.3127112,-1.0128841,-2.7766335,-5.0933957,-3.2578173,-1.2591506,-5.691322,5.534063,2.488156,1.6072507,-8.498833,-3.9243383,0.15014532,1.0697706,-0.19046338,-2.0819712,0.4287535,5.9061584,6.2452865,-8.728069,3.5740547,-0.12067791,-2.7559283,0.38966763,1.0689925,4.351527,-3.7248542,3.1658962,-4.283097,2.252923,2.1184592,-4.2840343,7.740848,3.5431552,-1.5310278,-0.50333816,-10.104886,-3.5501196,1.5431036,-1.2048284,1.7926501,2.5535183,-6.823978,5.80831,6.809236,3.3494382,-5.2699113,6.8774304,1.2486877,6.2909994,2.4710407,4.8386917,-0.23557287,0.14508188,-12.194757,5.153211,-2.043404,0.88003445,-3.3764212,3.2812166,-2.6591158,6.453957,4.904684,-6.0338974,4.5108933,6.469163,2.2145782,1.0801083,-2.9900463,-3.8050115,5.673483,4.7078567,-3.592476,-0.24820293
350,1.6038824,3.0882373,0.23244902,-0.596038,2.239611,-2.8810763,-2.03179,6.2036343,1.4112363,4.6055813,0.021231974,-0.44070664,1.0073783,-5.205957,-2.580233,-3.7011182,1.4194673,0.7743727,1.6218894,0.4773947,-4.0469594,-5.7107887,-0.78370875,3.2711055,2.691082,2.7407765,-1.6281649,-4.7995,0.9538653,-0.84377515,-4.49824,0.7521846,-2.817895,3.6156082,-0.7999008,-0.85255903,-3.5855992,-8.266811,-2.9826021,-0.64323723,2.23583,-1.8579009,-1.1092082,0.2638116,0.6747035,4.1660213,-4.3635616,1.8548257,-3.0060244,-2.6774924,-1.6573727,1.9961547,2.4172318,0.79857004,1.1609362,3.3799636,0.75645906,-0.9047295,0.18363185,-0.59442276,-2.247089,0.44966048,2.716656,0.989391,-2.4933937,-2.6044433,-0.617068,0.0604249,3.6945078,-2.7526705,-1.5709624,-2.205238,-0.6055257,-4.357577,2.2194798,1.3254901,0.13236856,1.1343219,-1.4862872,2.7155387,-2.2799919,3.6722443,-2.2927127,2.3477042,3.2899265,-2.1602423,4.2803745,5.4930377,-0.5195358,-3.3462703,-4.350788,0.46511424,0.35307187,1.472461,0.74040467,-1.9632893,-1.0004104,3.095941,4.873977,4.3665967,-2.2023273,0.6256083,2.7281003,-0.11006135,-1.0290512,2.9327157,-1.6009678,-0.37474644,-9.058182,-0.7138371,1.312971,1.9189818,3.0465968,0.3948374,-1.6531273,1.2172592,3.706263,-2.998137,3.0838768,1.6674768,0.8881983,-0.7955484,-2.068593,-1.8299931,2.936725,0.47199917,-0.42115432,-2.8340116
351,5.392538,3.3178566,-0.7017921,-2.8220756,-0.15558863,-3.5653462,-4.914677,8.999544,4.1765037,8.006915,-3.9131663,0.12761366,-3.571614,-4.2004275,-1.8858281,-5.470591,-1.0606393,4.40116,1.9658191,6.932469,-6.3585405,-6.905773,-1.3191346,0.89296746,5.2673297,6.1586566,-0.34119895,-4.850203,2.4385986,-1.3918158,-4.055477,1.6211373,-2.6670406,4.175842,-7.370629,-6.5669165,-1.0939904,-10.423985,0.3967122,3.6144474,2.027422,-2.7773297,-2.9817495,1.8971841,0.14054187,5.104171,-7.269986,3.992684,-5.5088744,-6.6868844,-0.04871067,4.541139,4.7226663,3.0602655,2.777531,3.4126763,-2.2658558,-1.2799356,-0.44630733,-5.1398554,-1.4070534,0.71202236,2.5712862,1.7289678,-4.6430264,-2.8115573,2.5094388,-1.2334676,-0.45056313,-3.8892012,-0.4646386,1.2645036,3.9830482,-8.301491,1.9458573,0.8420342,-0.8292497,0.8801987,-3.1397557,1.55994,-2.1591718,3.337869,-1.9199926,7.4395,5.122627,-0.39324185,10.522537,6.912323,-0.21734504,-2.9634163,-7.078698,-2.6266625,7.7299523,-3.6670923,-1.6421098,-1.5721183,-1.5882504,5.225924,4.84169,5.317275,-3.8850946,1.1884336,1.6258638,2.2323322,3.4975898,6.291495,-2.6739032,-3.3408937,-10.69828,1.817158,2.267854,3.8164377,-1.0935552,2.5568998,-3.3750694,5.295212,7.002027,-4.0243945,3.5506184,3.2188714,1.0023623,-0.6064785,-5.226987,-4.9250035,7.064555,5.602818,-2.3836262,-1.6814395
352,3.3508189,5.651579,-2.7169125,-4.3319345,1.2990988,-5.111992,-4.846926,7.9609227,2.1081164,6.1619744,-1.8361577,-1.0043551,2.2040515,-7.664885,-3.5075142,-2.7869842,3.9367213,6.565078,-2.0103216,6.1954226,-3.9780214,-6.689663,-2.7378347,0.8948482,5.5737906,5.799781,-1.2176379,-6.27887,-0.19495112,-2.9797673,-3.114016,-0.8455195,-2.4015124,8.873046,-2.2233877,-1.1782641,-1.056424,-8.1176195,-2.911871,-1.7153795,3.565498,1.2813394,-2.0128963,4.6841707,1.1158772,4.4634132,-3.8465798,3.4890637,-3.3674068,-4.183886,-3.1730645,1.9992774,5.7642927,1.2741543,2.0526478,3.0734243,-0.49860924,-3.2553983,0.96212715,-3.454273,-1.9238279,-1.4238789,4.9464293,3.9028358,-4.462387,-5.7184453,0.9275842,0.7209245,2.8724387,-3.416425,-1.5497216,-2.1906805,4.2069016,-9.427862,2.0878205,2.9974885,0.29631603,3.2102776,0.23299931,-0.107449934,-5.6329284,1.8450694,-2.0329552,2.8838258,2.4340901,-3.2312949,5.4378366,1.3272797,0.45783824,-1.2608485,-6.1545043,-4.3325844,-1.1041168,3.6391544,-0.50889874,-0.8911425,-1.3771799,5.808346,6.145835,4.6243715,-7.9613733,-1.1708999,0.83741224,2.4210198,1.528519,4.210262,-4.3145905,3.5815294,-7.945356,2.1323342,-0.97566265,4.0854397,4.0885663,3.7501693,-5.673663,1.8819714,7.254476,-0.65901965,1.8894149,-0.08087386,-1.4637764,-3.4842815,-2.3247128,-3.973774,4.296031,4.6387806,-0.70860434,-3.1039186
353,1.7550864,2.5701244,1.5457108,0.3413903,3.1581903,-4.7453732,-1.8507355,6.7329926,2.0867383,4.8349214,-0.96127474,2.5007074,-6.0946765,-5.095128,-4.137769,-4.59809,0.121543206,3.9323447,5.342363,4.682223,-5.6418614,-7.7180705,-0.41406184,2.36875,7.909004,3.439091,-1.2059797,-3.7519786,0.01217068,2.0816135,-4.3224573,4.188235,-2.478955,4.153423,-4.6503096,-3.7275124,0.090899795,-9.507596,-0.6090196,2.2377322,-2.3800395,-2.145639,-0.95224303,-1.2251024,0.4136979,4.0091987,-8.648229,2.2955575,-5.2471323,-5.378443,-2.3820314,2.8007696,2.8822863,2.231642,1.0188589,1.6844909,-1.3443805,-2.2475388,1.3821508,-0.21852246,-2.0049946,2.5823445,1.5164388,1.6181002,-1.9292696,-5.2410955,0.87016493,0.04746358,2.2591543,-5.035651,-2.3929706,2.2821212,5.2866178,-7.425686,1.0103104,-1.1989591,0.13840511,-0.12603213,-4.0915694,2.3352993,-0.5754119,3.5557513,-1.938441,4.181554,6.552777,-1.7254304,6.1431727,6.700974,-3.1767976,-0.28481627,-6.392564,-3.410561,4.001949,-0.13164079,1.3221656,1.7494049,-2.7740374,3.1048265,2.5064125,3.912083,-3.5076885,0.41454083,2.747877,4.5551972,2.665919,3.779651,-1.6570406,-4.7155724,-8.330864,0.4416148,2.3218236,0.29580188,2.3218718,1.1018314,-2.043248,3.3007824,3.113286,-4.246038,4.5478816,3.8642285,-1.007862,-1.3941879,-3.400871,-5.022519,7.3888855,4.999597,-1.432251,-2.1788633
354,1.7326119,4.940156,-0.73225945,2.1189427,0.63326854,-8.765876,-1.8788762,3.6499796,0.30515125,5.7219124,0.65308636,-0.17157373,0.8356138,-4.160048,-3.0492544,-3.1610758,2.5510583,3.2142053,5.419604,2.357843,-0.7391977,-1.070424,-2.124956,-0.77779925,2.0910003,8.338414,-4.3446527,-6.828342,1.2578524,-3.7973697,-8.773877,3.4923284,-3.8327172,9.086386,-2.6583,0.7458773,-2.3230674,-8.841249,-4.5001745,-3.4577897,1.0790535,-2.3658638,2.3316834,-1.1867156,3.6557853,6.053743,-4.321338,1.8388419,-2.1772387,-1.6679378,-5.6188,5.49461,3.2466764,2.2145667,-0.6416377,3.443642,1.9842112,-3.596905,-0.83101374,-3.3040164,-0.25379652,0.51025534,0.4296279,4.376836,-2.3980167,-3.6490376,-2.5495265,0.31887323,5.008996,-1.5066824,-3.158865,-2.9019108,3.405958,-4.8537292,0.9383033,1.7011085,0.7019921,0.79636186,-4.587267,4.5797024,-2.373599,3.4419358,-1.8396195,-0.26165986,3.422928,-6.0589204,2.4461155,4.9105415,-4.988599,-3.7251303,-4.0406313,0.78690606,4.777197,3.8518896,0.32298124,1.1524444,-1.1738006,1.7317959,6.9220376,2.9514246,1.4912666,-2.9434497,6.3309946,-0.06188946,2.9047372,6.12768,-1.8889457,-1.9890045,-6.67139,-2.324438,-0.28331992,2.3860464,4.997735,5.1445594,-2.5771952,0.7937389,3.1561923,-9.254675,0.5059199,4.7151356,0.6009621,-1.1202501,-1.9658037,-2.647525,4.632405,1.0807524,-1.3635149,0.4277125
355,2.6456506,3.5015879,-2.1344166,-0.25506583,2.2967355,-2.6720526,-2.497341,3.011844,1.0947195,1.6863862,-3.4432936,2.217511,0.32498106,-4.137478,-3.143327,-3.0592873,1.3407247,2.6411145,2.1532989,2.6484673,-3.9768047,-1.8329034,-2.071558,1.5506537,1.4904989,3.305842,-0.9501768,-4.194418,-0.70540726,-2.0001435,-3.7910676,1.6424013,-2.1263258,3.923865,-0.4408998,1.9116522,-0.32423446,-4.8930316,-3.7424693,-0.9286238,2.44188,1.0360451,-0.45206335,-2.2413776,-1.1499156,4.045129,-2.9862795,3.3119392,-2.8591506,-2.034045,-3.2569537,0.65597814,2.7267263,0.29867506,1.2391884,2.0931227,1.8540851,-2.6888645,0.42598864,0.36307168,-4.7088246,1.8214085,2.4251153,3.116071,-3.2746918,-0.26264265,1.0117787,2.0996494,3.2575026,0.33352295,-2.000561,-2.4194758,1.2534976,-3.377153,1.8544017,-0.88271624,1.1366116,1.6301104,-3.7749472,0.59450984,-2.9790545,2.564944,-1.7713357,0.8696759,1.9979842,-1.1563634,3.114836,3.288061,-2.0087311,-1.60368,-2.2234697,-0.82068825,-1.0138249,2.0737736,2.1649306,1.3675411,-1.0342107,1.9109945,5.6196027,1.3740089,-2.2441359,2.2439513,2.9435189,1.7534288,0.88530296,2.8052967,-1.3178611,2.2469037,-6.170852,0.10925047,-1.5640613,0.49170047,3.1127863,2.131173,-2.1382685,3.0007591,1.6772588,-4.1881104,3.149526,2.0040102,0.1844872,-0.9954246,-3.0784721,-2.456585,2.356409,2.0583026,-0.94405216,-1.0614188
356,3.9241388,4.351379,-5.787233,-3.3269544,1.7085228,-9.164354,-6.3738756,3.4483366,5.347309,7.8861346,3.829264,2.0451338,2.0181842,-5.9201374,0.5224166,-5.593617,-0.35634542,8.633579,6.0474916,2.3389142,-10.42288,-1.9737171,-4.6390457,2.160807,1.4008176,10.643444,0.98241025,-10.1756935,1.1607289,-2.344694,-8.866345,6.1969347,2.9423857,5.581111,0.91848487,-0.3761739,2.5906255,-5.8943887,-8.783817,6.1938624,4.39547,-4.040417,1.5460582,-1.0022402,5.3291965,7.7727394,-3.9730546,1.9526612,-1.8643199,-3.3416893,-8.500934,11.121678,4.249937,0.61161226,1.0773168,-0.10336042,-3.5458744,-4.399769,-3.4484162,0.5855726,-4.977304,1.3443208,5.6001678,3.4388926,-1.2891247,-3.3154595,-4.268554,-2.1865752,2.6713855,-1.6680936,-4.1658883,-0.13680097,5.576979,-6.95586,2.3970816,-0.25447705,-1.1403558,-0.6717386,-0.8475716,-1.0015103,0.7495535,1.292626,-1.2475251,1.7745943,6.0009375,0.75122386,6.2137594,5.574008,-2.4541144,-3.2581518,-12.714779,-5.197504,1.1399075,-1.9034286,-3.0924978,2.7001574,-1.9986159,2.45022,3.208367,4.442717,-6.8923903,-0.43586844,3.6539514,7.79319,4.9747796,4.783238,-2.8375604,-0.22002438,-6.2373776,0.309854,0.4997963,3.1488216,1.8094274,5.526184,-6.494239,6.943555,3.5826502,-5.8361855,-1.1786805,6.7398343,-0.51584053,-1.7597303,-3.5695605,-8.580998,1.1598285,1.2093309,-5.1890726,0.5559056
357,3.2426019,3.0729814,-2.0930378,-2.9437556,0.99043375,-8.127007,-3.9516683,6.245852,0.03223572,10.73091,-0.95418805,-0.17214131,-4.750433,-6.001911,-0.9426276,-4.7317176,0.52220756,5.1908712,1.9860977,6.080546,-5.5390987,-8.789377,-2.1499643,-0.11724546,5.0933623,6.300367,-2.248612,-4.8244843,3.004307,-1.8053871,-4.1251416,-0.33715883,-2.9569478,11.158882,-3.6284003,-4.361543,-0.5120486,-8.328541,-0.63551694,2.2183247,1.8630463,-0.8371165,-1.4030328,4.8566656,1.8452865,6.356006,-3.8332534,3.538838,-3.498224,-7.296839,-1.0848926,6.0696516,6.2259617,4.818987,0.24254864,4.305999,-3.3692396,-2.2772264,-2.8775089,-6.234659,1.1283091,-1.0921153,1.4420838,5.094484,-3.649233,-5.6463394,-1.2823948,0.49045423,0.0912846,-5.818144,-0.2522248,-1.7899226,5.0588255,-9.653437,-0.10117936,2.6357608,-1.6596159,0.010747299,-2.8924718,2.3858,-2.9660275,1.5919507,-0.94989336,7.9832,6.837366,-0.63767016,10.367397,1.3587341,0.1308132,-2.9104986,-7.361036,-2.9702618,6.590175,-1.7450155,-0.7666604,-3.1372485,-1.127243,4.4369125,5.254798,5.276551,-8.088397,-1.6984904,0.032919433,2.2099197,5.488394,5.2745657,-4.446353,-2.533177,-3.831498,0.6391237,3.9106958,4.279745,2.3265371,4.088142,-6.026786,1.0753095,6.8739505,-2.045629,-0.24959865,-0.10725166,-0.41166547,-1.2439545,-4.3404636,-4.427475,6.994563,7.1739035,-1.6423746,-3.6268349
358,2.7099078,4.059955,0.19651334,0.9107043,0.18391137,-3.5509367,-1.3331827,4.245175,-0.042680368,5.127253,0.30011746,2.0310426,-0.904493,-5.1345506,-1.325131,-0.29090214,-2.5894008,1.4980358,0.5827859,0.9047824,-6.865876,-2.750624,-0.34450427,2.6382759,4.3996677,3.1239758,1.5390407,-4.163743,-2.0766747,0.73004967,-3.7613568,3.3405707,0.45164317,2.680149,-2.2708817,-1.479631,-1.6408495,-8.408892,-1.9421779,0.37867606,2.0546782,-0.919963,-0.38333458,-0.57565373,-0.5436774,1.4496171,-2.0845444,1.2330197,-3.4028268,-3.620826,-2.1403117,2.3175983,3.6815295,1.9695684,-0.2914582,1.569337,-0.8624696,-2.2750955,-0.35781014,-1.7742631,-2.1082742,2.670436,1.3847734,3.0284052,-3.7297285,-2.4054148,0.51707405,2.1095078,2.335394,-2.6647496,0.14108199,-0.88435054,1.9239289,-6.1969924,2.693648,-0.5604037,-2.8156567,0.3332988,-0.20709556,4.574615,-2.7250857,3.276591,-3.0255425,3.7232313,5.9688215,-3.044192,3.289713,2.8417525,-3.6200452,-0.56597614,-6.1673365,-0.77528334,1.517933,1.1965444,2.651925,1.5298276,-2.9646819,3.0517495,3.3688583,3.0962925,-2.675222,3.4769611,1.9496695,2.8056228,-2.418471,3.051199,-2.0278707,0.3653731,-6.9438453,0.014973246,0.18580242,0.4272129,-0.46527243,2.1719034,-1.9415581,2.251673,3.924108,-4.4755163,2.096768,3.8680322,0.6747493,-1.801493,-1.0345831,-2.8085067,2.874834,2.4268713,-2.0507596,-1.7596426
359,3.0315137,4.3329077,-2.5393636,-3.3871071,5.2561936,-7.444912,-4.4383183,7.471542,4.671893,2.4225423,-5.8247848,2.4545598,-3.2676086,-8.509075,-6.771441,-9.819841,3.9021375,6.1837535,7.0267277,5.728331,-7.986388,-8.817472,-1.7116461,4.179481,5.9643154,6.980962,-0.76028097,-9.3533125,-0.3291375,-5.2590384,-5.0731606,1.35419,-3.8831956,10.063678,-0.00092253834,-0.43530208,1.9431316,-8.530764,-6.422468,2.5208912,4.204819,-1.7078221,-1.7180706,-1.5140858,0.67141527,6.910403,-10.208792,5.1188235,-6.441939,-7.2394466,-2.8964217,6.3943486,5.527473,1.7492547,3.2120254,5.4172745,1.907668,-4.1274395,-1.5112345,0.7777244,-4.2729073,1.0537304,3.1521435,3.7798,-0.84593016,-5.6427517,0.852476,-0.99740106,1.5103077,-2.7706072,-8.302914,-3.501642,5.0268946,-5.7498927,1.0231179,-3.0315127,1.5705924,4.2315454,-6.588486,-0.9279622,-3.9758048,4.528176,0.5374906,3.0200257,4.1024795,-3.245535,8.648425,10.323987,-0.28330082,-0.092482105,-6.139601,-4.699306,2.13593,1.5006304,0.27998346,2.1834373,-1.2746627,6.1226645,6.9107647,1.6505367,-5.961785,0.08707322,3.0051177,4.005769,2.7767787,6.5947714,-0.8605982,-5.5209284,-13.005976,2.1910067,1.8067561,3.3910065,6.229887,3.922665,-5.674071,5.954577,3.5701702,-6.426836,5.200235,4.6349835,-1.7445564,-1.5360217,-5.0915675,-7.8328204,6.0718718,5.106849,-0.9932291,-4.2090955
360,0.24892652,3.289823,-0.9565551,-3.308847,2.961379,-9.858572,-2.6296864,7.80318,1.9711336,4.9031825,-4.181562,1.2259883,0.028101902,-7.4465327,-5.7755485,-13.165231,5.6750665,8.000741,4.6607037,7.2574205,-4.782348,-10.298921,-6.622423,0.043012775,8.133099,11.659658,-8.103612,-12.043044,0.35697317,-4.849586,-8.420461,-0.08826548,-6.5965776,14.34989,0.6233079,-0.7277918,0.32383633,-7.844908,-5.422328,-0.21288207,0.62886745,-2.2796156,-2.3913293,2.5733035,2.2978,10.915945,-8.967971,5.466405,-5.8693094,-5.1272407,-4.936999,9.89143,5.72492,1.2041043,-0.43049863,8.861544,1.5282902,-6.0627413,-1.6490408,-2.8130915,-2.7723553,-1.2232511,1.5079931,5.0114036,2.523265,-8.634679,-0.0690365,-3.2772114,2.8204567,-7.029143,-9.20583,-4.0315166,8.883633,-8.571698,0.13925794,-0.9636485,3.481023,0.03751006,-5.6778617,0.30427617,-4.482273,1.7750223,-1.1216784,-0.29200852,4.4614964,-1.9449415,9.53695,9.807276,-1.2444892,-2.4487913,-6.117109,-3.7413058,2.9142556,4.258973,0.45945543,1.3325849,0.017770082,1.4363879,7.0401154,5.6205626,-7.4921885,-3.8557115,3.9900732,5.2969704,6.6781025,3.8241072,-5.730752,-5.7712255,-9.507739,-0.16764171,3.5951545,3.0038886,7.9765334,5.2805066,-7.8185534,3.222936,6.0404754,-6.5530524,2.7192385,2.9228883,-4.7801733,-3.8071885,-4.707213,-6.826904,4.9189663,3.892224,-0.91796213,-5.6446257
361,3.8232398,4.607181,0.88581365,0.0824079,1.1164709,-2.1121743,-2.370194,5.7707324,0.90821034,4.3645196,-0.2220353,2.1888993,-1.7126316,-5.8939686,-2.6038265,-0.4841657,-1.0567967,3.194582,0.8286625,1.7307472,-7.3849397,-2.7851498,-0.9643943,2.086858,4.261657,3.6916962,1.6597104,-3.7369423,-0.6006825,0.38942367,-3.4461012,3.6841855,0.23427224,2.8101814,-3.110458,-0.18320134,-2.70402,-8.852225,-1.3836852,0.5398958,2.7616844,-0.75601655,-1.4207262,-1.3772771,-0.04565267,3.8627386,-2.369875,2.7002382,-3.6735826,-3.1467624,-3.554652,1.5681058,4.5755343,3.0884118,0.3532339,2.0374155,-1.1123255,-1.7478635,1.0972261,-0.5929671,-3.0255237,2.7329807,2.340208,4.1671877,-4.680026,-0.9880035,0.5790256,3.327207,3.7677495,-0.65364444,0.9516725,-2.226025,0.39426914,-7.326109,3.242052,-0.4859611,-2.0836098,2.1688359,-0.66634125,2.8625946,-2.4755776,3.2345254,-2.6746655,4.54079,4.4810085,-2.4708457,3.324725,2.648763,-4.2240934,-0.60348123,-6.152941,-1.4943761,1.2335907,0.9980437,2.96571,1.0374057,-1.331491,3.4334517,4.9745364,3.3458867,-2.9059763,2.5192435,2.7076173,1.936969,-1.4652506,3.5958204,-1.1328659,2.2371197,-8.181983,0.4710297,-0.2296123,1.3479712,0.79838306,3.3251283,-1.2285582,4.014024,2.7946131,-4.20382,2.919918,2.3967197,0.9745068,-2.223285,-3.2974684,-2.9655685,3.1216314,2.3788707,-2.153477,-2.6912155
362,2.3057098,4.1769567,-2.7576058,0.5541557,2.185938,-8.992586,-3.5701191,5.3852677,1.4435802,2.6332219,-3.4355683,1.706299,-1.8153017,-4.23588,-5.073501,-6.0616126,3.7659507,5.3883395,5.2509875,4.00082,-3.746969,-3.074871,-5.5780854,1.4857361,2.5612032,9.05346,-2.739649,-9.3218355,1.9227972,-5.418403,-6.94032,3.3835714,-1.8579003,9.308151,-1.3893076,2.1818056,-1.3229854,-6.6843596,-5.614296,-1.7356019,1.6978288,-1.2535527,0.05263997,0.5053526,4.11843,7.476343,-4.012055,4.4555964,-1.7812055,-1.6368494,-5.024761,4.596178,4.920288,4.637375,-0.8016612,4.2720447,2.6915624,-3.8274124,-0.80216295,-3.9246707,-2.8305867,-0.066943124,4.228845,6.191438,-1.8510952,-2.0686607,-0.5309625,0.86850566,4.4478946,-1.1457022,-5.163798,-3.3641021,4.190529,-7.1910443,0.98335826,-0.5108668,2.9833345,1.9701122,-6.68298,1.8119258,-3.0895443,2.2292826,0.1364073,-1.7276922,2.9312751,-2.9524622,5.0613413,5.147323,-6.0693088,-2.542382,-4.1799965,-0.42108482,4.134719,5.6022873,-0.32886308,0.21754077,-0.27281132,1.2752119,7.989198,2.289521,-0.9721179,-1.1899232,7.8436832,0.8495941,3.2661495,4.949955,-0.7854911,0.11392495,-4.4696283,-1.090672,1.5772052,0.34918675,5.146501,4.7985883,-0.97840816,3.168036,3.0116868,-7.341121,-0.7084794,3.6776996,-0.21275616,-2.76093,-4.894562,-5.059525,4.287202,1.2122632,-2.8365257,-1.1935424
363,1.9638288,2.7420843,0.5215979,-0.10924166,1.9121971,-3.841274,-1.271089,5.176094,0.6724132,2.26881,-2.6218805,1.1709734,-4.6778398,-2.807203,-3.0943813,-2.3223298,2.5253327,2.1388106,3.4192417,2.6635022,-4.8717093,-3.2273884,-0.75611657,0.6221499,3.638866,2.950507,0.11966408,-4.109873,1.1710745,-0.9319446,-2.2758584,0.65807897,-2.5798504,4.9395075,-2.3561738,-2.120166,-0.80996656,-6.8363104,-2.96682,-0.69979316,0.35719904,-1.9854887,-2.1461484,0.009814747,-1.2371793,2.200571,-3.7069955,0.81833154,-2.7440324,-4.6053257,-2.236795,1.5688065,2.7209818,4.003494,-1.6021051,1.5040855,-0.67887056,-2.9688332,0.71642375,-2.3437655,-3.034579,0.6897027,1.7886285,2.8978724,-2.5801425,-2.3977726,0.34778476,0.90036875,1.8244156,0.49999818,-1.672518,-2.1650715,3.231457,-5.4550285,2.4725313,-0.641922,-1.2945542,1.6308572,-3.9032986,1.6191273,-2.6322446,3.1360893,-2.0018141,2.5889554,4.2908506,-2.586255,3.660555,5.221332,-2.3089645,-2.1395485,-2.57599,-0.7120488,2.7063954,0.4224351,1.5616126,-0.37085572,0.22559287,3.8244545,5.058261,0.7616041,-2.3031373,0.2532782,3.642102,-0.04196589,1.0356808,2.6973267,-1.785172,-1.7741635,-5.738179,0.494736,-0.7464016,2.1394618,2.5534544,3.7544498,-1.7424617,0.622893,2.9669464,-4.7303877,0.72932667,3.0972867,1.1431186,-1.1303821,-4.742697,-1.9849795,6.2845182,2.812944,0.2767249,-0.08616583
364,3.425366,2.968356,-3.1183817,-0.9980122,-1.6323795,-5.2329597,-4.346117,5.2170067,0.8004904,4.454653,-0.025244106,2.539716,5.274485,-5.4606457,0.31641895,-3.3356757,-1.9690688,6.264468,0.6075978,5.1572256,-2.3589427,1.155583,-0.9802102,1.3874073,0.75371933,8.40149,-4.312894,-6.053085,0.03198635,-2.6951787,-7.427802,0.33599874,-2.12419,4.241307,-4.7856193,-0.48430905,-0.0004916219,-7.100952,-1.344,-1.1717817,-0.09907222,3.9844315,-1.2709713,1.1608171,1.5752933,6.662211,-1.5332657,2.947499,-2.278704,-2.4913297,-3.3849275,4.4825225,5.3985853,-1.0396768,1.6136647,3.184643,1.0888851,-4.127856,-0.13397744,-4.7455544,-2.4035385,3.67191,0.95394397,2.9194927,-5.6872177,1.3080394,0.8551883,1.8381507,1.1423196,-4.9591184,-0.3391509,-1.2535517,4.69495,-3.0529294,1.6389704,1.9318857,2.124968,-2.1164033,-2.5739877,3.3357205,-0.9974096,3.0803099,-4.3411574,0.64791167,4.5010242,-1.3148304,6.3922153,1.0752528,-2.3575459,-5.726246,-6.0114694,3.3843603,0.0022732317,1.3131728,0.30310905,3.9182863,-2.3198535,1.3447268,6.6339836,4.532336,-3.0620909,-0.011458328,1.6493982,3.2955594,5.030076,4.867689,-0.42086294,3.7548041,-7.3608923,-2.850204,-0.8468049,0.6058313,0.7264072,3.5409784,-1.8982828,3.9498732,3.6362066,-4.4402637,1.6918583,3.6904736,3.1518788,3.231031,-2.925039,-0.2569611,1.2846208,1.8617195,-4.6837673,-1.969176
365,2.7616093,5.110279,-1.7091014,1.9823889,0.31647712,-3.876655,-1.1711137,2.7678447,0.8636473,3.6586716,-0.09885055,2.9693527,-0.7987583,-2.9418647,-1.3790694,0.53902006,-1.5160623,3.1784115,3.2073073,2.7244666,-6.7398787,0.47139516,-0.87878966,0.5739235,3.3851702,6.8346076,0.98755324,-5.186735,-0.21605344,0.14408779,-3.5665293,2.6992738,1.2061254,2.184108,-1.5249699,-0.14220588,-1.9862124,-6.836968,-2.9193237,1.0218321,2.1843524,-1.8050921,0.26562786,-1.2892971,2.3904264,2.5567293,-0.62104744,1.0528376,-0.028470576,-1.211203,-3.0830956,3.7887328,2.9104986,4.7990727,-1.0932174,1.7919676,-1.5249391,0.18438184,1.1492326,-2.20624,-2.4077818,2.4332159,0.34626636,3.9203043,-4.9075127,-1.6816515,-0.6776123,1.5461161,3.5788987,0.62916607,-1.7865154,0.21202548,2.5836952,-5.9814515,3.297305,-0.2880257,0.16137773,1.6761547,-0.041209273,3.0544426,0.08927502,3.366724,0.18245903,0.30950212,2.3418403,-2.7056065,2.1791658,2.1298091,-4.2376676,-1.5132674,-5.685238,-1.0914451,3.841623,2.1044908,1.4788823,1.1436267,-1.2291791,2.927906,5.158787,2.1377654,-1.1161155,0.34170848,3.8166866,1.4078549,-0.67174107,3.6912494,0.25713858,2.1522737,-4.693894,-0.6449076,0.4991785,0.21738666,1.6596594,3.5781434,-0.7364359,2.760555,1.7578104,-4.8314476,0.46268326,4.4174047,1.0398291,-0.8221997,-2.9930177,-2.4314847,2.836799,2.108249,-3.2861989,0.096612826
366,2.71974,3.136663,-1.1642182,0.5439064,2.4247682,-2.4280953,-2.0836158,3.6062598,1.3212485,2.6692731,-3.8980389,-0.25218463,-0.6924568,-3.7004485,-2.5539734,-1.8224477,0.7395626,1.625873,3.5523276,2.9734244,-4.8274927,-2.5112011,-0.8875457,0.68639916,3.7910466,4.009285,0.048193447,-3.7006059,-1.0803624,-2.661925,-3.1354365,1.6259356,-2.798718,4.2609,-1.3172964,0.5338633,-0.44890568,-6.337912,-4.1138835,0.3038534,2.4889612,-0.211077,-0.41256544,-2.8793325,-1.9282585,4.4858828,-3.2379045,3.064758,-4.452629,-3.1125226,-2.5572133,1.7554349,3.0813818,1.8929392,0.9382322,2.453288,0.55358636,-3.0334382,1.2974976,-0.19036174,-3.654323,1.3066049,2.1832435,3.0545065,-4.401477,-0.40039873,0.6611398,1.68825,3.672724,2.3402176,-2.4259973,-3.8918028,0.75640386,-3.3549151,3.0746214,-0.016776755,-0.60414267,2.1111896,-3.2674463,1.1870141,-2.403621,2.6547089,-1.6752304,2.1004672,2.2647576,-1.4989336,2.1812189,5.2703586,-2.121245,-2.6761532,-3.8745272,-0.8662096,0.9166488,2.0061615,1.4884279,-0.24511993,-0.9232044,3.0030074,5.99208,1.7771994,-2.7829142,1.7847834,3.4341018,0.43394852,0.47182426,3.6444774,-2.4531019,-0.003471259,-7.598377,0.43952343,-0.87601763,1.894075,4.9900446,2.1557755,-3.2782917,2.8323593,2.7965994,-4.6971564,3.2210412,2.3086796,0.26638782,-3.304194,-1.821923,-3.292853,4.048974,1.3046812,-0.78351593,-1.4272652
367,2.2236032,3.8998275,-1.1943505,1.72505,-0.12675433,-3.6602552,-1.140257,2.9375374,0.6061405,3.4611642,-1.0137038,1.0580585,0.20781793,-3.025741,-1.9938147,-1.3029104,0.62138176,2.7834678,2.0294442,2.8614192,-4.1174064,-0.83812803,-1.5006192,-0.695759,1.3340709,5.683594,-0.67862487,-4.15043,0.38895488,-1.3529793,-2.6496525,2.2914064,0.018042412,3.944183,-1.8076366,0.2801598,-3.0607202,-5.6498175,-3.6711683,-0.49960375,1.5994776,-2.174488,0.23996772,-1.0456524,1.2926791,3.5317066,-0.24978286,1.2692257,-0.91037154,-0.4738818,-2.075631,3.4530008,3.2742004,4.048434,-1.0761329,1.9789623,-0.31486455,-1.2604438,0.4697932,-2.034758,-1.6362873,0.9881086,1.6553901,3.6552196,-3.6062572,-0.6000139,-0.96484333,1.3234754,3.4812157,0.61518323,-1.1763016,-1.5864938,1.6332811,-5.289055,2.1822672,0.9986249,0.82343394,1.138786,-1.3080535,2.6683109,-1.9776504,2.1799085,-1.0670675,-0.84114754,1.7290802,-2.6712084,2.2066705,2.228298,-2.968529,-1.6976919,-2.6615336,0.58403593,1.7604393,3.5377731,0.90893495,-1.1251969,-0.78464395,1.387708,5.8861127,2.32929,0.049846187,0.7895872,3.6895704,-1.1753846,-0.6010665,2.2237756,-1.6086622,1.8648931,-4.279667,-0.91304946,1.6450193,-0.26722318,2.9040365,2.6328967,-1.9601388,2.3456843,1.7568638,-4.8284197,0.096625425,1.750595,1.3712398,-1.6733634,-2.4395313,-1.4589883,2.0580833,0.16306281,-1.6388801,-0.66931814
368,2.86443,3.336702,0.57528245,-0.6929461,2.4197447,-3.6799796,-2.369097,5.858318,1.6847291,3.103168,-0.5698382,1.8847711,-0.08255845,-5.133114,-4.9604206,-3.1743596,0.9865841,3.1657789,1.3540066,0.35439545,-7.628767,-2.6385016,-1.3036219,2.8636656,4.289493,3.2376313,0.29821587,-6.8408275,0.17559443,-0.82981443,-5.027922,4.941398,0.41406593,3.175588,-2.9203458,-0.48001602,-2.1185112,-8.3041315,-1.118347,-0.6083958,3.105008,-3.935384,-2.2536833,-1.8257923,1.1909037,3.8137383,-3.5721588,2.7995143,-4.00549,-3.0097861,-3.5351431,1.1088657,4.2718306,-0.44606188,0.7076783,3.2003648,-0.19015914,-2.935957,-0.5417432,0.542016,-3.3599465,2.3817875,2.7816503,4.6318913,-3.3928018,-1.8220527,1.5643493,1.5839206,4.38607,-0.17406583,-0.48148006,-1.274598,1.8505926,-8.624684,3.1028109,-1.4352852,-0.805915,1.3460791,-1.2759228,2.5913577,-4.489535,2.8243124,-3.5900712,1.6501731,2.2100606,-3.9675295,3.5351758,4.732675,-6.920487,-0.8023608,-4.8904514,-1.6483707,0.7370595,2.1578524,1.4366151,1.1337059,-3.5113614,4.901932,4.92909,1.6216342,-2.5289712,0.74912703,3.1388168,3.0995653,-0.33888942,4.486194,-3.2999718,-0.15075229,-9.479162,1.158114,-2.9251213,1.0702778,0.9821187,3.225071,-0.48909903,4.777965,3.2882404,-3.1191535,3.0166047,3.8287942,-0.04469233,-2.6049838,-3.048292,-3.783177,4.1412077,1.8311113,-0.84954834,-0.60127324
369,2.7804549,2.7712076,-1.6609836,-0.5233528,3.2945273,-2.7219937,-2.7631497,3.514043,1.5544596,3.7325392,-2.7821522,1.5619792,-4.7214346,-3.8120043,-4.9282975,-1.4510466,2.589086,3.4734502,2.8775332,4.065115,-4.8780794,-4.0305104,-2.8929412,2.3274908,2.6742373,2.219273,0.9294355,-2.3224742,0.9468882,-1.8646057,-4.7015324,4.3658094,-0.5802607,4.9097223,-1.2805331,0.5112604,0.44097868,-6.769714,-3.6573284,2.2199364,1.6184869,-0.7862083,-1.7608614,-3.876259,-1.3733945,3.61777,-5.1481104,3.0464873,-5.2796474,-4.808303,-1.1864029,1.4623604,1.5808051,1.8784567,1.2373247,2.6114435,0.75767666,-2.7225957,1.213484,0.8134784,-3.353124,1.265773,2.0247223,4.957063,-2.4186468,-0.8837613,-0.57741064,2.742777,4.0834785,0.7571293,-1.9538996,-1.9476783,1.7870091,-5.3136783,2.0248966,-1.8122697,-1.3737965,1.5062774,-5.375488,0.007734606,-2.7825367,1.6169988,-1.8200465,2.4297683,2.4255314,-1.3464186,1.7082622,5.595601,-3.6173573,-0.9725297,-5.5359864,-1.7041178,1.9336072,1.5266308,2.8531518,0.29269177,-2.718795,1.27529,6.9399962,1.0187486,-2.8177075,3.3969147,4.8285985,1.3871326,1.4332688,3.1842904,-2.056298,-0.21784317,-6.0176425,1.0508418,-0.4584385,0.6838316,3.8619404,2.5794413,-1.6906207,3.6864796,1.8192844,-4.858134,4.053748,1.7227899,-0.4502854,-4.2612348,-2.040862,-3.4960625,5.231901,1.895614,0.7785796,-2.0404549
370,1.3130771,3.1214423,-1.22255,0.9258461,1.6311544,-4.1346555,-2.599365,3.945578,2.2066205,2.4322138,-1.0972224,1.2417235,-0.0025639161,-2.5656223,-1.661524,-0.9907199,1.0838498,2.5238621,3.7213535,2.0118546,-4.08783,-0.5066318,-2.2667482,1.9344376,1.5408093,5.4217477,-1.0533891,-5.032888,1.0726459,-2.5092943,-4.1638103,1.8177847,-0.32991415,3.3992589,-1.8328106,1.6155944,-2.160175,-4.9162245,-3.8124251,-0.21664822,2.2174387,-1.1045306,-0.82399845,-0.28747684,2.5216138,4.8986297,-0.9502438,2.6527395,-0.6540582,-0.77540475,-2.7582595,3.424381,2.8738887,3.1142023,-0.018484626,1.6600537,0.8840783,-1.4681085,-0.011042327,-2.0958035,-2.1324089,0.84293526,3.3074965,3.360106,-4.1153502,0.22409111,-0.82056445,2.0369022,3.8312304,1.4259802,-2.13131,-1.309147,1.560628,-4.2658005,2.5449762,0.39540327,1.3963311,1.1845295,-3.1157117,1.9977338,-0.64743125,2.1664984,-1.2867357,-0.47017828,1.4374111,-1.530137,2.4126363,3.9332337,-4.2406216,-3.020137,-3.342273,0.9023524,1.0752505,3.125482,0.32816863,-0.78785735,-0.3431862,1.2925878,5.8063145,2.3501873,-0.786828,-0.1378277,4.8062115,-0.26656708,1.8373168,2.777602,0.10921614,2.4034626,-4.8596334,-0.824445,0.6655374,0.59144056,2.9261537,3.0668378,-0.1388221,2.6657872,2.224112,-4.1815157,1.1482251,2.0111341,0.89822066,-2.0582597,-2.3721046,-2.761615,2.5123384,-0.61741984,-1.7319478,-1.0049626
371,2.6413553,4.429223,-1.9314736,0.6276865,0.49648857,-4.994492,-3.2594342,3.2518096,0.548377,5.070401,-0.36567917,-0.4822838,1.7578416,-3.5446494,-0.92288566,-2.6230977,0.44230565,3.5483341,2.4631824,2.5080242,-3.4093013,-0.8647591,-3.1274705,-0.8830486,0.4817415,5.944966,-2.507253,-4.29459,1.7962736,-3.8561776,-5.138718,2.4110744,-0.51942307,5.0613923,-2.5365984,1.0119321,-3.4813786,-6.2252717,-4.231506,-0.742126,2.2612603,-1.294589,0.649309,0.6107805,3.758207,4.883607,-0.6606295,3.6962283,-0.055920623,0.58039516,-3.2033656,5.1588707,3.3246136,2.1278384,0.9588861,2.4697971,0.5303458,-1.262499,0.05050441,-2.097118,-0.71981317,0.2919878,3.3039887,3.764796,-1.9585018,-0.1579206,-1.662852,1.3361328,3.8440757,-0.4571656,-0.20532437,-2.369747,0.9527368,-5.2220674,1.6203492,2.4362772,2.371886,1.1369909,-2.7033389,1.8149008,-1.7144971,1.6905165,-0.90451896,0.15722215,1.7206001,-1.5242388,3.1740072,1.5672972,-3.1113977,-2.876784,-3.589558,0.8634427,2.1031528,3.3554716,-1.0317494,-0.7361962,0.31545752,2.1245773,5.5438857,3.0239284,-0.5617992,-0.56284714,3.8001835,-1.318828,1.3279954,3.2620604,-1.5644046,2.0404413,-4.5268774,-2.909766,1.4038974,1.4859533,2.52567,3.1685166,-2.4765966,2.7009196,2.4169166,-4.5440335,0.40956935,1.4577115,1.1564759,-1.6301297,-2.0386949,-1.9682518,1.1153245,0.74264777,-1.8600875,-0.72672415
372,5.502324,6.4595,-1.3123078,-0.59856105,-0.67925817,-3.28843,-4.7292314,5.124765,3.9997928,9.7284,2.6778028,3.8588471,1.594397,-6.061591,0.8784891,1.9532808,-3.0106206,6.6028495,-0.647167,5.10169,-8.332646,-2.4382334,-0.6538749,1.3186518,5.408399,9.450876,2.8363152,-4.5513844,0.48289105,-0.48367915,-3.6932254,4.6029325,1.8435146,1.99595,-4.093767,-1.8645986,-1.787868,-9.671615,-3.9062345,4.713404,1.8791054,-1.0993676,-2.2509809,1.3000321,1.6291625,7.8653784,-0.9499794,2.2970905,-5.2636886,-4.43105,-2.9336424,6.722782,5.7008533,3.90562,0.5586618,0.20851958,-2.7381656,-3.3884099,-0.3340517,-1.5694034,-1.2826607,3.2144902,5.8344502,2.9484637,-6.8562446,0.61827034,-0.38549942,2.5271668,1.8015891,-0.7092312,2.7324615,3.0390832,3.5201888,-7.60883,2.6118348,-0.74301356,-2.3107762,-2.7736259,1.2673953,4.335383,-0.4032532,3.4137259,-3.526056,4.6516457,6.80972,-1.3688073,6.927888,3.1510396,-1.4707191,-2.137375,-10.7109375,-0.6776815,0.6127017,-1.1225562,3.243354,0.23561007,-2.9051247,1.2710954,5.557927,6.8665977,-4.473168,2.6444893,3.0548692,4.5824547,3.5004814,2.106764,0.99102795,5.068292,-10.085842,0.15393096,1.3073869,1.3033353,-0.97194666,3.3932,-2.94068,5.252085,5.193991,-5.2298527,5.7827706,5.0627027,1.7344842,-2.6615608,-3.2161865,-3.9054916,-0.10834111,2.0117836,-4.9878583,-2.1867754
373,2.3328257,3.290698,-0.7652299,-1.6608194,-0.7934787,-2.059868,-4.118759,4.083679,3.1764078,3.1589663,-2.4625597,1.5218413,0.14135131,-4.8118076,-3.5748227,-2.3691773,-0.7106201,4.3826036,0.3405766,4.474578,-5.311731,-3.0550609,-0.042859733,1.9579592,2.8391879,3.7877562,1.0143672,-4.2067814,-2.4554026,-2.495171,-2.2004585,2.0556154,-0.8218006,3.5597756,-4.0512013,-2.5462341,0.41780436,-7.8023767,-1.2044783,-0.4617204,2.3253462,-0.56807053,-3.2057583,-2.7920308,-0.982985,5.843737,-3.8560865,2.7225833,-6.1919355,-3.3811896,0.643281,2.6184752,4.441202,1.8494487,2.0338316,2.0609283,0.097534075,-2.564918,0.22890629,-0.44839987,-2.3676057,2.9057586,2.3279548,3.671779,-4.5508075,-0.73482496,1.9196707,1.8960904,1.6897246,-0.40597087,-0.7021322,-1.3932859,1.2792909,-5.3619995,3.5285428,-0.08631904,-1.0290136,1.7977873,-1.0815558,1.3594333,-2.8418326,3.5853457,-2.7383254,1.4349049,2.5643182,-2.031125,4.723031,4.4684634,-3.2889621,-0.80489135,-6.4240537,-1.0584859,0.8545124,1.6825066,0.64803725,1.2605543,-1.043064,3.0750275,6.883972,2.4801202,-2.5113697,2.086559,1.6484886,1.3926479,0.4143958,4.049532,-0.6513716,1.0767907,-10.466312,1.6027023,-1.7372702,0.14477046,0.93466085,0.74922913,-2.2152832,5.947144,1.8332661,-4.812122,4.811289,1.8750823,0.85094327,-1.5269339,-2.1688817,-2.6084313,3.376439,2.3483303,-1.1749545,-1.8280566
374,1.3246965,2.6350434,-0.08188422,3.0657866,2.0535684,-6.690844,-1.1667975,3.4979644,0.54739624,3.4035993,-1.1305248,-0.25003242,0.714334,-5.0445313,-2.9389584,-3.0068946,0.87984717,3.6208234,5.2292376,3.5006077,-3.537626,-0.22908942,-2.9816716,0.29430848,4.0058794,8.003339,-3.034745,-5.327131,0.59221923,-2.0055914,-6.09189,4.4572244,-1.1383865,6.405925,-4.058677,0.10208427,-2.4923246,-5.5729575,-4.7556725,-0.18811834,0.33476496,-1.9706993,0.5513667,-2.1083798,3.2834096,6.8461194,-2.623395,3.7355864,-1.7832189,-1.2898146,-4.0293326,3.9948747,2.7181077,1.7593247,-0.90143025,1.9114407,-0.2775387,-3.077874,1.2812763,-3.2678936,-1.8825809,1.151916,2.3377893,3.3093266,-4.3907304,-0.7341845,0.5503177,1.1386011,5.324065,0.6265644,-3.1779532,-2.4939182,2.9942555,-3.8946118,1.1453212,1.1635147,1.7022425,2.2092705,-3.4109514,2.1660874,-2.4013164,2.100284,-1.832182,-1.570509,3.6734276,-3.4956143,2.3600578,3.6119478,-5.8745055,-2.9521568,-1.8344241,0.9000849,3.4526064,3.8037608,-0.27828962,0.9870625,-1.3523774,0.8243514,7.5650487,2.5226774,0.49070138,-0.9651366,5.3939457,-2.1565104,3.3146188,3.7987773,-1.816098,0.29120812,-5.04702,-0.7774414,0.12435892,1.2395493,4.6384416,3.3716154,-2.3669357,2.73807,1.9246736,-4.7129645,1.0517797,2.193597,0.7297324,-3.2216086,-1.718288,-4.0547175,3.7261343,2.0965097,-2.3743944,-0.38990223
375,2.4232347,3.3517823,-1.0933403,-0.4833853,-0.04139702,-1.5227591,-3.267269,3.1049392,1.6399031,2.9519036,-0.8561079,1.589475,0.20426424,-3.4957833,-0.83571804,-0.9293512,-1.16537,1.6632307,0.39529854,1.8085392,-4.6110497,-1.0567344,-0.43594536,2.5787516,1.0411291,1.7340238,0.25708857,-4.168765,-0.19805947,-2.6577137,-2.456994,1.3724335,-0.34861133,2.0708568,-1.6426556,-0.048489552,-0.738822,-5.241016,-2.002804,-0.91105515,3.2404552,0.016600775,-1.6681385,-0.002392523,-0.65742904,3.5372298,-1.5308962,2.1438801,-2.703568,-2.463482,-1.1501155,1.3067257,2.5510848,0.7807433,0.78942484,1.3813969,-0.00973374,-2.056033,-0.84133476,-0.29109728,-1.9221108,1.410919,2.1757863,3.718587,-3.1871972,-0.110790454,-0.6903093,2.4252505,2.257956,-0.6706246,0.844362,-1.8115114,0.9346936,-3.8193872,2.849453,0.34255666,-1.0139858,0.7318101,-2.134745,1.6947949,-1.5036839,3.7695367,-2.1473243,2.6306381,2.6349607,-0.8429294,4.8599386,2.2861342,-2.4289153,-1.6876332,-4.1955447,0.7853719,0.19008838,0.50692034,0.93242115,-0.05394083,-0.9438103,3.3193421,4.459959,2.0825655,-2.7072382,1.8718128,2.032032,0.40232435,-0.42192912,3.0071042,0.34017444,2.5725787,-6.8432984,-0.047334436,-0.27445674,1.0631202,0.5573825,1.7031641,-1.0215693,3.087202,1.8953822,-3.2344038,2.789112,1.6025529,1.9774424,-0.40056017,-1.3650099,-1.766299,2.642506,0.8150489,-1.4650055,-1.4409509
376,3.308883,4.3963566,-1.1852338,-1.1001598,3.4813142,-2.8280666,-4.482482,7.293915,1.9029063,3.5203764,-1.5871372,1.2517518,-1.9706364,-3.8245857,-3.3123846,-0.90631497,2.340013,0.93455255,0.91155696,1.3560412,-6.682171,-3.7172103,-1.9475081,2.3592868,4.0061684,3.7442358,1.0424767,-6.732774,0.8381971,-2.0586832,-4.262973,1.0872507,-1.3282257,4.4152274,-0.9022589,-0.6886021,-3.2279446,-7.89407,-2.6025097,0.33691978,2.8620622,-2.9343936,-1.4945828,1.2226908,-0.87793034,1.409447,-3.9144166,2.6912048,-4.0953765,-2.7233112,-1.8165482,1.3595159,3.4030514,2.3527648,1.2291825,2.3795743,-0.3735396,-0.6153459,0.9331032,-0.32618222,-3.867586,0.60748273,2.9415038,2.4699726,-4.2616887,-1.3667766,-0.963559,0.9200796,3.568618,0.29850945,-0.3356793,-1.9791185,1.2426777,-8.848011,4.315315,0.82360417,-0.5938432,1.4682657,-1.8738633,1.37182,-2.4196765,3.5419981,-2.2377028,1.008253,2.6437457,-3.6926541,3.4638047,3.9771824,-5.035966,-0.5658609,-5.534578,-1.0489521,0.7520543,0.50813437,0.5213496,-0.0053100847,-2.5163777,5.6932015,5.998462,0.977395,-1.6232003,0.43571416,3.4230464,1.732003,-0.34322405,3.8417306,-1.2894213,-0.03799888,-8.020289,1.6485101,-1.305787,1.8390166,1.1753225,3.052657,-0.55491877,3.1972883,3.8807697,-4.0931354,3.1189716,4.0419297,-0.14108929,-1.5117123,-2.8762412,-1.9405829,5.3646407,2.3797674,-0.5991767,0.32135707
377,2.7704172,3.935457,-0.5450248,3.084294,-2.0838277,-7.126236,-1.4865131,5.0100584,-0.030075315,7.994071,3.2738526,2.9309077,2.2550874,-8.565037,0.7437581,-0.123287976,-4.0106554,5.573626,3.419933,3.259399,-6.217084,-1.1568514,1.3130356,6.42562,3.5998678,9.545579,0.12485684,-9.197686,-1.8663718,0.89366484,-7.9895177,4.4078565,0.25199673,4.9689155,-7.7221694,-2.0756009,-0.70436287,-8.350367,-3.3108935,1.9103341,2.2636585,-2.7639124,1.1458598,-1.4452243,2.1279194,4.6852922,-2.4213045,1.4900587,-2.9954305,-5.4722476,-4.8129373,6.114132,5.970743,2.3548725,-1.3108752,-0.21442899,-2.51369,-4.86081,-0.63221085,-5.247142,0.393179,3.8967922,2.2056088,3.889734,-8.468311,-2.8230672,2.4416063,3.9193888,2.8393674,-4.60866,-0.72652227,1.5435855,5.515203,-5.1503053,0.43863112,1.5368278,-4.2322626,-3.602635,-0.5505926,9.858098,-2.4828525,7.504518,-7.4819417,3.8902438,9.044251,-5.981534,7.6048126,2.1984663,-6.364203,-3.6762226,-6.9262486,4.154503,2.9983423,1.1086415,4.8008456,0.506678,-4.486641,3.5774634,6.374169,5.030442,-2.2504,1.8505062,4.257546,2.0848455,1.7323494,8.208392,-0.41162312,-0.25504217,-9.840272,-0.94343585,1.6979263,1.5568932,1.8037859,3.3498487,-3.7140057,1.5504229,5.352523,-6.4104066,1.8907421,4.762583,4.1660504,0.8529968,-0.75027764,-4.789698,2.6492615,2.8751757,-6.2893414,-3.3799944
378,0.9553459,2.5310347,-0.70020866,4.266771,3.9192529,-11.468817,-1.1861941,6.8738213,0.77962506,1.1190743,-1.558074,3.1906374,-0.8615099,-9.626236,-4.4821115,-1.5865526,3.7413135,4.8107014,4.5045943,4.901083,-2.85768,-2.8858771,-0.15531439,4.807326,5.352133,9.766495,-1.5113003,-10.480832,-3.010911,-2.4619522,-5.8080435,1.725568,-3.0283017,10.958213,-6.659195,0.23395947,0.21127112,-7.259074,-5.280827,-1.145565,1.1148554,-1.1782598,0.13617423,-0.6079971,3.8326247,5.285716,-2.727189,4.7110167,-3.0827768,-4.5841327,-4.1770134,5.5619264,7.136731,4.8635187,-0.91409856,-0.26206058,2.139666,-6.4565697,1.4328035,-4.424398,0.21906205,1.6480842,4.7353673,4.5623193,-8.339503,-4.2632527,4.213321,4.6346765,2.366456,-0.21714449,-5.7563343,0.6101156,5.3681583,-2.7242901,-0.10233471,-0.78368676,-1.5799198,-0.20319898,-2.9688776,7.8852496,-5.3848033,4.909897,-5.236227,-0.8757572,4.926969,-8.776946,5.290942,3.6053436,-8.934771,-3.8247283,-1.6173292,0.6877307,2.0006306,5.437116,5.113448,-0.7433037,-1.9512563,3.558535,8.53646,0.2872169,-0.45805833,-0.39873403,5.4156346,-1.7544926,5.422533,7.195826,0.80470777,-0.31108153,-7.177849,1.037165,-0.50079507,0.14246844,5.4864593,6.6250463,-1.3331555,-1.0006804,4.3444977,-4.059698,1.6549537,2.3169417,-0.04566192,-1.5703797,-2.5743628,-5.7208796,4.462625,4.217482,-3.1185558,-4.751265
379,2.9957547,3.1967523,-1.6922473,-1.7371974,-0.67169493,-9.188793,-5.9621606,7.7696056,2.2234511,9.923373,0.38221014,4.5542145,-3.117987,-6.590549,-1.5586365,-0.059654597,-1.1653998,7.623264,1.7039201,3.3026216,-8.725706,-4.44027,-1.5665407,2.283807,5.6114273,5.7315183,2.1788714,-6.119501,-1.3589609,-1.6623099,-2.9229403,2.8990123,-0.47896498,6.5633945,-3.924485,-4.2234764,0.13021693,-7.2431054,-1.8021188,3.6049793,2.9640248,0.50154066,-2.6864822,6.4473305,2.3580403,6.6328225,-3.4875457,3.189341,-2.1901565,-6.021431,-3.3746014,9.04537,8.313663,3.3406692,0.36619458,-0.39283463,-2.710686,-4.0344667,-2.3284273,-4.2035594,-0.062308554,1.5787144,5.311035,2.9417844,-5.9588614,-4.7347174,-1.7586771,3.1534853,-0.43754718,-4.399951,-2.2900243,0.00015341397,4.789599,-7.896044,2.110657,2.1829371,-4.583889,-1.1490685,-0.13499145,1.338194,-0.99973273,1.3378903,-2.3040164,6.965711,10.864927,-0.24540265,9.152579,2.995569,-4.805276,-1.6002526,-10.719553,-4.893697,0.9794284,-3.2941587,0.26486123,2.691966,-1.1487925,2.920812,2.5674925,4.4903946,-6.580906,-1.1127216,3.6014638,7.2346616,2.7775729,1.5273244,-2.1200945,2.2502851,-3.8571758,-1.2942508,1.4257926,3.6799726,-1.3538606,6.358012,-4.6701517,3.3619165,5.6959577,-2.8877287,-0.092137925,4.595676,0.7167366,-1.9371846,-5.1513863,-7.3567033,4.256851,5.716289,-3.0333264,-0.46959162
380,2.031685,2.987105,-0.54360574,1.0874263,-1.1894673,-2.813691,-1.8777777,2.9780312,1.1841553,4.02667,-0.8881745,0.44859684,0.7169577,-2.5795126,-1.6482905,-0.84544647,0.20693508,4.1879,1.1589257,4.517765,-3.0393863,-0.8654264,-1.8429513,-1.3556719,2.2784863,6.3929048,-0.15758698,-3.2402647,-0.34477037,-1.5658693,-2.2421498,3.1799586,0.057162095,3.8518593,-3.6064162,-0.878416,-2.6136885,-5.6726747,-2.2646148,0.011522779,1.3896409,-1.504385,-0.44869703,-2.2984364,0.76622826,5.0480013,-0.90203655,0.39773646,-2.5486593,-1.4616942,-1.9905878,3.5186946,3.6052344,3.3404944,-1.3619406,2.0584297,-1.1412206,-2.1600246,1.096267,-1.9225527,-1.1260593,1.2429907,0.8984884,3.3448339,-4.244749,0.09153746,-0.45046997,1.6655031,3.5823946,0.48538277,-1.2965806,-1.4957103,1.5097088,-5.47775,2.6820717,1.4856371,-0.19361079,1.1249833,-1.5495551,1.4813668,-1.307769,2.0050085,-1.8087251,-0.32745084,1.6312928,-2.4302447,1.4710147,3.0178337,-3.5382113,-0.9651216,-4.4947677,0.5012204,2.360217,2.9611728,1.1216011,-0.43288952,-1.1164144,-0.04208465,5.548547,3.5240269,-0.4741165,0.72031766,2.9431202,-0.1291295,-0.33631924,2.3864086,-1.5039648,1.7204229,-5.2821827,-0.5293406,1.1995356,0.10364354,2.5257742,1.9117231,-1.985096,3.842292,1.471261,-5.3470426,0.4615318,1.3546882,0.43735203,-3.138784,-1.4894629,-1.8527833,2.808212,-0.0013294788,-1.570173,-1.8450902
381,-0.49980238,4.006947,-1.6150844,2.257061,6.646133,-8.581277,0.8335197,11.244754,0.7213131,4.4447584,-3.6863062,-1.5648835,0.0132442005,-8.572894,-5.7028756,-2.0854154,7.1703005,2.426505,2.9154022,4.8315783,-1.082159,-4.285516,-3.8045838,1.9927473,6.8592887,9.511935,0.6475779,-9.94419,3.9957433,-4.454471,-4.4408107,-0.5893349,-5.6866302,9.54593,-4.1527576,0.75093555,-3.6474876,-6.0245686,-6.899367,-0.83540046,2.9313133,-1.6958592,2.3652124,4.8365397,2.5619845,1.0736017,-4.168991,4.0950217,-0.19392423,-1.8954023,-3.2212303,2.8918529,5.865282,6.7504053,-1.1615919,1.8479185,1.488617,-2.9478304,1.6459876,-4.8681393,2.437251,-0.2267711,3.4166698,3.8586853,-5.3823814,-5.086022,0.7006205,-1.5127152,6.590182,-0.41235662,-5.0685306,1.8597053,5.7997155,-7.7961287,1.6404673,2.7040362,2.2723644,0.1790269,-2.872138,7.0425663,-2.706551,3.3834646,-1.7480674,0.48871097,-0.5269012,-6.669117,7.398517,3.5685163,-4.134896,-3.7466693,-0.98311025,-0.5369548,2.1648638,6.5533853,3.5624797,-0.42135188,-2.2222095,8.777785,6.2337437,2.9723282,-4.2246785,-2.6169128,7.3767605,-1.0575848,2.957232,3.4854538,-0.27789265,-1.7158501,-9.424317,0.53297335,1.5288382,2.7580209,6.3423257,6.7188745,-1.7474455,-3.085884,7.92084,-3.1138313,1.42658,2.4767992,0.33254454,-1.5154781,-3.3759444,-3.5455565,5.9060006,4.8324447,-3.351626,-2.85637
382,4.644223,2.567245,-4.5252247,-1.366583,2.0599546,-8.58717,-4.319465,2.6074293,2.594535,6.516769,2.0528004,4.873416,-0.5722039,-8.171399,-0.9369619,-5.308932,0.85005695,6.5496387,4.293567,2.3323562,-6.803763,-7.2873597,-3.1101437,3.3025362,5.3183694,9.620183,4.1334543,-13.280904,-4.1797953,-1.834168,-8.892962,7.770902,2.3633096,9.824875,-0.84459424,-0.98074937,2.0040202,-8.317051,-6.2132406,5.272827,4.747157,-7.7818,1.4852494,-2.8957312,-0.27684075,5.5831885,-3.500949,-1.6326598,-8.52407,-7.0822244,-6.389823,9.079668,5.300393,2.382008,-0.5017077,-0.026269734,-4.2147913,-8.744556,-3.0415604,1.6898239,-2.6991456,1.2999212,5.3199034,5.2778325,-0.20015727,-7.070943,-1.2838813,-0.4538508,4.0591216,-1.887412,-3.3056016,0.9788218,6.4289937,-9.315873,1.3093255,-3.2673595,-3.8975928,0.3449554,-1.3316054,3.4011393,-5.421877,3.0001945,-4.621174,2.737698,6.6570225,-4.415203,4.943422,5.035217,-5.15219,2.5427163,-12.233295,-3.9049597,0.31900692,1.5305793,2.6774771,4.4662256,-6.157389,3.015739,4.346391,2.6992981,-5.8049927,4.2587647,1.7204078,7.524966,2.5450063,6.190448,-1.098233,-3.5415838,-9.919564,3.905308,3.4271343,-0.19869025,0.7031883,3.3790839,-4.8344445,5.0819554,5.532463,-7.703058,2.4627604,4.6876826,-2.0643485,-2.6905804,-3.6950555,-8.934184,3.1278925,3.464138,-2.647418,-3.5641031
383,1.8624952,3.5113852,-2.32222,0.46632662,-1.1405667,-3.8755085,-2.5336452,2.1469293,0.46862316,4.002256,0.06749289,1.519068,2.3313093,-3.474175,-0.4283178,-1.9112695,-0.50751364,3.9680407,1.695898,2.1846209,-2.6081471,0.64481694,-1.613445,0.30743852,-0.42526767,5.913707,-2.0369167,-5.352874,0.6401361,-2.567909,-4.6523223,1.1779149,-0.671862,3.5014222,-2.4759328,0.3436747,-1.5836078,-4.307323,-3.3639793,-1.0099512,1.6572475,0.016503805,-0.31821138,-0.15301606,1.3406585,4.715175,-0.40771806,2.6012547,-0.14724767,-0.1305355,-2.5722256,3.9650736,3.0313387,1.7155443,0.15673825,1.9576291,0.79757,-1.9083642,0.53046995,-2.3285518,-1.6414456,1.639421,1.6244196,3.652565,-3.385906,0.22547397,-0.58878285,1.9402698,2.4657168,-1.3037312,-0.79321736,-1.6776321,1.7335596,-2.8490403,1.256855,1.8029135,1.6861211,0.21356918,-1.879533,2.1727555,-0.8765109,3.295862,-1.347691,-0.8104821,1.9472129,-1.3069774,3.842532,1.1628368,-2.8997698,-3.338152,-3.1876106,1.9819105,1.134724,2.3750064,0.4975946,0.5627092,-0.55647933,1.6849985,5.764429,2.0051312,-0.5446929,-0.41484895,3.4074938,0.10524726,1.0714153,2.7517812,-0.39931718,2.6694188,-4.2589216,-1.6591012,0.23096617,0.30078945,2.3241196,2.3977025,-1.9263632,1.8180603,1.2999718,-4.622114,0.6719993,1.8243314,2.7200348,1.5793777,-2.0726287,-0.6720569,0.48394167,0.93948054,-2.987711,-0.9311777
384,3.458719,5.7669315,0.7170536,0.7838691,2.3502634,-2.0016549,-1.3971146,3.7928755,2.0651195,4.935053,-1.0129794,1.5529613,-1.0028734,-7.2956405,-0.75103885,-1.5855027,-2.3245258,1.4107682,4.941377,2.9710395,-7.903901,-2.39291,0.861616,3.5236297,4.097957,5.9256983,2.1347504,-5.1714406,0.94964385,0.2600325,-3.836452,2.9586775,-1.0769117,3.9449694,-2.7272398,2.4210782,-0.6661256,-7.204135,-3.9252963,2.771556,4.12783,-1.3129156,0.7806751,-2.731426,-1.0865831,4.892783,-3.062973,2.6142178,-4.632734,-5.366994,-3.73504,3.3962555,3.2052474,3.1625001,-0.36884317,1.0712572,-1.4067396,-2.7483718,2.884101,-0.32375985,-2.2819946,3.0402558,1.4584538,3.6353755,-5.308183,-0.98351854,1.121058,2.4519644,3.9137082,0.7378689,-1.4610782,-1.7406026,2.153189,-2.1546907,1.8039457,-1.431842,-3.067373,0.6357802,-0.84337306,4.221773,-0.8235585,6.679015,-2.5101562,5.208475,5.5076485,-3.1300411,5.09475,5.2005196,-2.4364192,-4.2361364,-5.008545,-1.4311768,2.0237582,-0.10383502,3.3423553,0.10761441,-1.326774,4.1315684,5.397639,3.4381468,-3.0224218,1.5046427,3.2525506,0.84796965,0.5671231,6.1559777,-0.56789494,-0.029375967,-11.245025,0.8021566,0.38564584,2.4919603,3.329732,3.7694633,-2.743709,2.0952525,3.4185934,-3.5435286,3.9618933,1.4289451,0.16747567,-1.8999004,-2.5817096,-4.034479,3.0924659,2.9575584,-3.6002545,-4.6867523
385,3.0832598,5.05353,-1.0355659,0.64385843,1.7631341,-2.74479,-0.8590113,1.64364,1.1204051,3.7269144,-0.84003466,0.99414486,0.11063532,-4.5162406,-2.1055055,-1.2001913,-1.4904953,1.266868,2.7008448,1.4150652,-5.8350544,-0.7096765,-0.7412764,0.29950672,1.9699317,3.5088933,0.3785756,-3.4717479,-1.4145373,-0.57968,-3.3543115,2.5659719,-0.9399452,3.9220018,-0.5985924,2.2321138,-0.56409895,-6.344257,-4.3025265,-0.119700134,3.605315,0.683246,0.29282522,-1.5160217,-0.75637734,3.8745856,-1.4762375,2.8067462,-2.184439,-3.5112345,-3.6872053,2.9377155,2.6771686,1.8039833,0.23281235,1.0208268,0.92584914,-2.5917826,0.1870642,-0.16156985,-2.8425407,1.9437921,1.0369405,3.9127262,-4.317703,-0.78265756,-0.57079893,2.3284912,3.35753,0.4590731,-0.8949375,-3.4476552,0.97151595,-2.903517,1.725455,-0.9987436,-1.2666739,1.3556383,-0.83821267,2.5788999,-3.3379478,3.213061,-1.0239763,2.7182639,3.784872,-1.4086591,2.9637668,2.6440368,-1.6870463,-3.7174828,-3.2525005,-1.1166339,0.5026427,2.0243824,1.6083921,0.6498569,-1.1201849,3.231748,5.5774655,1.4326583,-2.2752967,2.0305557,1.6989969,-0.034536846,0.101194024,3.2819455,-2.371538,1.741871,-7.3157988,0.25401643,-0.47651428,1.4150699,2.8788023,3.6909223,-2.9916162,2.5953236,1.6911551,-3.3781157,2.9838386,1.9153616,1.0016289,-1.0251594,-1.7283561,-1.9538637,1.9953537,2.327447,-1.5861051,-2.13235
386,1.8938334,3.2217126,-1.1969724,0.43391243,3.969415,-3.1579626,-1.0745724,5.087531,1.7714072,1.7284735,-3.0761993,0.84678006,-3.7868419,-5.2715826,-4.486697,-2.5798168,2.1207755,0.92647195,3.5829349,2.922391,-5.1199336,-4.3186173,-1.2036055,2.7388234,3.7753837,2.7368298,0.57362926,-4.4743032,-0.53234065,-0.8907901,-3.9775643,0.50182015,-2.4437678,4.9905868,-1.1249858,1.2016858,-1.9201949,-6.80454,-4.5820255,0.17235358,2.5488317,-0.10253957,-1.3743055,-1.8833277,-1.8440359,2.3717735,-4.0102096,2.8073184,-3.739089,-5.148178,-2.520377,2.128072,2.5108027,2.9011889,0.8828713,1.9884936,1.4832426,-2.494197,0.5577713,-0.2548432,-4.4228697,2.0134997,2.3972213,2.84005,-3.2115827,-2.4256434,0.40228242,1.685057,2.3651197,0.26038605,-2.8983877,-1.8808922,2.8639922,-3.9258947,2.62692,-1.0232501,-1.2643043,1.847187,-3.2915385,1.8534331,-3.6727066,3.0317934,-2.0622885,2.4900923,3.9162107,-3.2465296,4.056873,5.916787,-1.6566505,-2.291934,-2.6729293,-2.495927,0.40143847,1.1212652,2.612654,-0.108841695,-1.5462428,4.5755877,5.167714,0.49724633,-2.7538428,3.4483259,3.9336064,0.72060156,0.2884463,2.6037257,-2.145705,-1.5039289,-7.085141,1.6758343,-0.13092041,0.78611296,3.9709678,3.4074683,-2.3685112,1.4469137,2.805222,-3.956873,2.7546828,2.6259713,0.13954598,-1.8611584,-2.7269225,-3.4063118,4.8448277,4.017927,0.11872124,-2.654226
387,1.738579,3.8049974,-0.07922511,0.7643756,3.097658,-4.2234592,-2.4694707,3.8970714,2.2411373,4.4113326,-0.91100305,1.9986532,0.07590038,-5.6228065,-4.177944,-3.118284,1.692577,1.7739015,3.3904707,-0.22091696,-3.7973664,-5.111856,-1.7199682,5.6418157,3.1609743,3.3406043,-0.95219576,-6.2774267,-0.3089689,-1.736148,-6.545388,2.940025,-1.7162054,5.0239477,-2.2446182,0.5595297,-1.6852056,-8.10855,-4.5832224,-0.8314335,3.0273533,-2.905512,-2.3491993,-2.9799988,0.41444227,5.742605,-5.9373813,3.4569364,-4.097732,-4.4692383,-4.080194,1.0030786,2.3787942,0.20181295,0.7951422,2.3193073,1.392979,-3.5168993,1.433689,1.5131775,-4.442421,0.42243016,3.922429,2.7854924,-4.5021124,-2.0298367,2.625639,1.6296734,5.1132092,-1.5111907,-2.5479274,-1.3978521,1.4569924,-4.4799438,2.469296,-0.32157594,0.7066924,2.3168688,-3.4640248,2.0347385,-4.096611,5.274711,-3.2171354,2.4932501,3.285947,-3.0474868,4.1714463,6.741206,-2.813161,-2.5174947,-4.78822,-1.4442148,1.2299343,3.0446377,2.0806544,-0.546704,-2.54692,4.361903,6.971777,2.0406535,-2.4524293,1.681024,4.777301,-0.1716769,0.93891907,4.5683413,-0.7447672,0.25375706,-10.745315,0.8196349,-2.1293142,2.6421993,4.9772754,1.7019433,-0.11287941,0.49496844,4.540626,-5.078246,5.469327,2.496987,2.0283327,-0.97473156,-1.962731,-3.9674785,4.2408175,1.870396,-0.99225634,-2.841283
388,4.3992786,5.0271482,-2.3601716,1.9985594,1.9435191,-2.5106757,-1.3026221,0.9616909,0.73806083,4.1548977,-1.1609259,2.753048,-2.3195198,-7.2188597,-2.141717,0.13804206,-1.6968068,3.2829897,3.8730824,4.423975,-6.4265327,-2.4524462,-0.13694116,2.5942705,4.106114,5.062109,3.98449,-5.26391,-2.0467925,-1.010252,-3.3680415,3.580778,-0.649141,4.8940744,-4.2029586,1.0185579,-0.91894484,-7.813298,-5.426042,2.9909062,3.153088,-2.6549037,-1.2751567,-4.0101643,-1.2458674,3.8248231,-2.204729,2.2163465,-4.0798197,-5.6697636,-4.1102977,1.9356204,3.165742,5.0688286,0.3401859,0.30205986,-2.2902234,-3.527967,1.6666048,1.6129938,-4.7084374,3.380219,2.6305053,4.5097184,-4.4009323,-1.7745829,1.3524599,3.1229846,2.5630393,1.2642769,0.7724003,0.14634983,3.7416925,-5.2990675,0.8941512,-2.194838,-2.5976467,1.3361917,-2.0288215,3.7879586,-3.744241,4.743638,-3.4631274,4.3549294,5.448865,-3.8773067,4.885361,3.1256294,-3.3884563,-0.43351284,-4.7577453,-1.5864284,3.2923446,0.93115294,4.60877,0.5050416,-2.535089,4.815591,5.85259,1.0718924,-2.5817952,4.9818807,3.9200037,0.24714537,0.3174895,4.174543,-0.7454057,-0.7198426,-9.51594,2.2435539,-0.14793111,0.9548096,3.1627374,3.9967818,-1.8929417,2.2745447,1.7560235,-6.2162356,4.3986883,2.2640302,2.5048358,-2.4362013,-2.881793,-3.4824512,2.4197738,4.1617036,-1.4084424,-3.9526958
